6.532365417480468750e+01 1.758470153808593750e+01 1.558926010131835938e+01 1.758470153808593750e+01 6.030271148681640625e+01 2.250943756103515625e+01 1.558926010131835938e+01 2.250943756103515625e+01 9.914144134521484375e+01
-4.214758300781250000e+01 -5.554940700531005859e+00 -5.583984851837158203e+00 -5.554940700531005859e+00 1.433547437191009521e-01 -8.255526542663574219e+00 -5.583984851837158203e+00 -8.255526542663574219e+00 -9.487387657165527344e+00
-4.380799102783203125e+01 1.350885581970214844e+01 3.601124286651611328e+00 1.350885581970214844e+01 -1.834749603271484375e+01 3.701003491878509521e-01 3.601124286651611328e+00 3.701003491878509521e-01 -3.540493011474609375e+01
-3.567903900146484375e+01 -3.306447029113769531e+00 6.448510169982910156e+00 -3.306447029113769531e+00 -3.943373489379882812e+01 -1.083507823944091797e+01 6.448510169982910156e+00 -1.083507823944091797e+01 -2.054108428955078125e+01
-3.477011489868164062e+01 -4.603530466556549072e-01 6.759793281555175781e+00 -4.603530466556549072e-01 -3.125922966003417969e+01 -1.449314785003662109e+01 6.759793281555175781e+00 -1.449314785003662109e+01 -4.045822906494140625e+01
-2.826032829284667969e+01 -1.573850917816162109e+01 1.620815658569335938e+01 -1.573850917816162109e+01 6.400251388549804688e+00 -1.590709400177001953e+01 1.620815658569335938e+01 -1.590709400177001953e+01 -2.203548622131347656e+01
-5.668462371826171875e+01 -1.060611438751220703e+01 -3.474577665328979492e+00 -1.060611438751220703e+01 -6.252779006958007812e+01 1.595127677917480469e+01 -3.474577665328979492e+00 1.595127677917480469e+01 -6.682411956787109375e+01
-3.015269660949707031e+01 1.189845371246337891e+01 -5.474692344665527344e+00 1.189845371246337891e+01 -3.863642120361328125e+01 -1.590582752227783203e+01 -5.474692344665527344e+00 -1.590582752227783203e+01 -2.924298477172851562e+01
-2.587328910827636719e+01 1.216349220275878906e+01 -2.041210412979125977e+00 1.216349220275878906e+01 -3.048373031616210938e+01 1.010169982910156250e+01 -2.041210412979125977e+00 1.010169982910156250e+01 -3.336233520507812500e+01
-4.603360748291015625e+01 1.762082290649414062e+01 2.339089393615722656e+00 1.762082290649414062e+01 -3.481254577636718750e+01 1.091098690032958984e+01 2.339089393615722656e+00 1.091098690032958984e+01 -1.596243190765380859e+01
-4.160023498535156250e+01 -2.671166896820068359e+00 2.945046663284301758e+00 -2.671166896820068359e+00 -5.703453063964843750e+01 -1.535195922851562500e+01 2.945046663284301758e+00 -1.535195922851562500e+01 -5.445936584472656250e+01
-3.928352737426757812e+01 -1.621108436584472656e+01 -2.023589372634887695e+00 -1.621108436584472656e+01 -3.412451934814453125e+01 1.794158744812011719e+01 -2.023589372634887695e+00 1.794158744812011719e+01 -4.008017730712890625e+01
-2.244844627380371094e+01 -2.127746009826660156e+01 -1.895994567871093750e+01 -2.127746009826660156e+01 -5.780347347259521484e+00 1.828143310546875000e+01 -1.895994567871093750e+01 1.828143310546875000e+01 -3.577431106567382812e+01
9.382952690124511719e+00 8.514538764953613281e+00 3.956288814544677734e+00 8.514538764953613281e+00 -3.028957748413085938e+01 2.046205902099609375e+01 3.956288814544677734e+00 2.046205902099609375e+01 -4.385695266723632812e+01
-3.940212631225585938e+01 1.121241474151611328e+01 5.546222329139709473e-01 1.121241474151611328e+01 -2.795846748352050781e+01 2.769828414916992188e+01 5.546222329139709473e-01 2.769828414916992188e+01 -3.961565399169921875e+01
-4.482671356201171875e+01 5.351776123046875000e+00 -2.451998233795166016e+00 5.351776123046875000e+00 -5.168377304077148438e+01 -1.706984519958496094e+01 -2.451998233795166016e+00 -1.706984519958496094e+01 -2.348854064941406250e+01
-2.117210006713867188e+01 -1.804793238639831543e+00 -2.174498081207275391e+00 -1.804793238639831543e+00 4.781112194061279297e+00 -5.784548282623291016e+00 -2.174498081207275391e+00 -5.784548282623291016e+00 -5.356909942626953125e+01
-2.624316406250000000e+01 3.662252187728881836e+00 -9.507144927978515625e+00 3.662252187728881836e+00 -4.021115112304687500e+01 -6.605227470397949219e+00 -9.507144927978515625e+00 -6.605227470397949219e+00 -4.226567077636718750e+01
-3.503477859497070312e+01 -2.622266960144042969e+01 1.757763624191284180e+00 -2.622266960144042969e+01 -6.074782562255859375e+01 4.272949695587158203e+00 1.757763624191284180e+00 4.272949695587158203e+00 -2.988195228576660156e+01
-1.942438316345214844e+01 6.629715919494628906e+00 9.559951782226562500e+00 6.629715919494628906e+00 -5.147826385498046875e+01 7.798029422760009766e+00 9.559951782226562500e+00 7.798029422760009766e+00 -1.992061233520507812e+01
-9.803919792175292969e+00 -4.236223101615905762e-01 -8.554323315620422363e-01 -4.236223101615905762e-01 -2.824165153503417969e+01 4.998343944549560547e+00 -8.554323315620422363e-01 4.998343944549560547e+00 -4.192337417602539062e+01
-6.675102233886718750e+01 -1.950996971130371094e+01 1.827646064758300781e+01 -1.950996971130371094e+01 -5.107490921020507812e+01 1.365357017517089844e+01 1.827646064758300781e+01 1.365357017517089844e+01 -6.158482360839843750e+01
-4.452235794067382812e+01 -5.587479591369628906e+00 -1.017002487182617188e+01 -5.587479591369628906e+00 -3.397170257568359375e+01 -2.266654491424560547e+00 -1.017002487182617188e+01 -2.266654491424560547e+00 -2.567280960083007812e+01
-5.400119400024414062e+01 1.909064173698425293e+00 -9.594358444213867188e+00 1.909064173698425293e+00 -6.967932128906250000e+01 -1.564769458770751953e+01 -9.594358444213867188e+00 -1.564769458770751953e+01 -5.138027191162109375e+01
-2.142113304138183594e+01 6.560318946838378906e+00 -6.240700721740722656e+00 6.560318946838378906e+00 -3.945930862426757812e+01 1.592044472694396973e+00 -6.240700721740722656e+00 1.592044472694396973e+00 -7.207805156707763672e+00
-2.485660743713378906e+01 -4.060395050048828125e+01 -8.658379554748535156e+00 -4.060395050048828125e+01 -2.993678283691406250e+01 -2.767592191696166992e+00 -8.658379554748535156e+00 -2.767592191696166992e+00 -2.612043190002441406e+01
-2.558265876770019531e+01 5.421497821807861328e+00 3.625798702239990234e+00 5.421497821807861328e+00 -1.598093605041503906e+01 1.405193328857421875e+01 3.625798702239990234e+00 1.405193328857421875e+01 -4.169502258300781250e+01
-3.065790748596191406e+01 8.762311935424804688e+00 -8.198644638061523438e+00 8.762311935424804688e+00 -4.518732833862304688e+01 -7.140707373619079590e-01 -8.198644638061523438e+00 -7.140707373619079590e-01 -9.267158508300781250e+00
-2.894825553894042969e+01 -4.098642826080322266e+00 -2.729543924331665039e+00 -4.098642826080322266e+00 9.619396209716796875e+00 -4.874775409698486328e+00 -2.729543924331665039e+00 -4.874775409698486328e+00 -8.000957489013671875e+00
-4.819486618041992188e+01 2.245261955261230469e+01 -3.599900722503662109e+00 2.245261955261230469e+01 -3.320240402221679688e+01 -2.661408424377441406e+00 -3.599900722503662109e+00 -2.661408424377441406e+00 -2.895669746398925781e+01
-2.525112724304199219e+01 -2.657295608520507812e+01 9.054131507873535156e+00 -2.657295608520507812e+01 -2.879256820678710938e+01 -1.468791484832763672e+01 9.054131507873535156e+00 -1.468791484832763672e+01 -4.611831283569335938e+01
-1.002477645874023438e+01 1.322940826416015625e+01 1.188482880592346191e+00 1.322940826416015625e+01 -1.944841003417968750e+01 -1.562615871429443359e+01 1.188482880592346191e+00 -1.562615871429443359e+01 1.554688739776611328e+01
-5.233854675292968750e+01 6.963994979858398438e+00 -7.597491264343261719e+00 6.963994979858398438e+00 -2.041634178161621094e+01 6.942173004150390625e+00 -7.597491264343261719e+00 6.942173004150390625e+00 -3.041851425170898438e+01
-1.355100727081298828e+01 -1.991939353942871094e+01 2.853917121887207031e+00 -1.991939353942871094e+01 -3.490488433837890625e+01 9.642785072326660156e+00 2.853917121887207031e+00 9.642785072326660156e+00 -1.936861801147460938e+01
-4.189299774169921875e+01 3.007746934890747070e-01 5.736408233642578125e+00 3.007746934890747070e-01 -3.796939468383789062e+01 -8.068958282470703125e+00 5.736408233642578125e+00 -8.068958282470703125e+00 -1.835989761352539062e+01
6.113348007202148438e-01 -8.467376232147216797e-01 -1.888698935508728027e+00 -8.467376232147216797e-01 -3.329252624511718750e+01 1.913522839546203613e+00 -1.888698935508728027e+00 1.913522839546203613e+00 -1.720698165893554688e+01
-1.381341171264648438e+01 4.360808849334716797e+00 9.314834594726562500e+00 4.360808849334716797e+00 -6.605528259277343750e+01 -1.521792221069335938e+01 9.314834594726562500e+00 -1.521792221069335938e+01 -5.276515579223632812e+01
-3.674246597290039062e+01 6.107827186584472656e+00 -3.512641525268554688e+01 6.107827186584472656e+00 -2.096751976013183594e+01 -1.926452994346618652e+00 -3.512641525268554688e+01 -1.926452994346618652e+00 -3.556933975219726562e+01
-3.080451011657714844e+01 -1.006581783294677734e+01 3.805611610412597656e+00 -1.006581783294677734e+01 -2.121183586120605469e+01 6.620935916900634766e+00 3.805611610412597656e+00 6.620935916900634766e+00 -4.615060043334960938e+01
-3.024780082702636719e+01 9.880419373512268066e-01 8.415109515190124512e-01 9.880419373512268066e-01 -4.420184707641601562e+01 6.596462726593017578e+00 8.415109515190124512e-01 6.596462726593017578e+00 -4.596760559082031250e+01
-3.397635650634765625e+01 6.537811279296875000e+00 -2.114015579223632812e+01 6.537811279296875000e+00 -4.134267425537109375e+01 5.655920982360839844e+00 -2.114015579223632812e+01 5.655920982360839844e+00 -2.457757186889648438e+01
-3.140571784973144531e+01 -1.116156482696533203e+01 1.924130630493164062e+01 -1.116156482696533203e+01 -3.087297439575195312e+01 6.610287725925445557e-02 1.924130630493164062e+01 6.610287725925445557e-02 -2.729523658752441406e+01
-4.022088527679443359e+00 3.540465831756591797e+00 2.283492088317871094e+00 3.540465831756591797e+00 3.111032009124755859e+00 -7.661280035972595215e-01 2.283492088317871094e+00 -7.661280035972595215e-01 1.547778701782226562e+01
-1.264681243896484375e+01 -1.388917827606201172e+01 8.286997795104980469e+00 -1.388917827606201172e+01 -1.674729347229003906e+01 8.303085327148437500e+00 8.286997795104980469e+00 8.303085327148437500e+00 -2.533843040466308594e+01
-3.377833557128906250e+01 -1.892929458618164062e+01 -4.332236766815185547e+00 -1.892929458618164062e+01 -5.267890167236328125e+01 1.225739240646362305e+00 -4.332236766815185547e+00 1.225739240646362305e+00 -6.821530151367187500e+01
6.532365417480468750e+01 1.758470153808593750e+01 1.558926010131835938e+01 1.758470153808593750e+01 6.030271148681640625e+01 2.250943756103515625e+01 1.558926010131835938e+01 2.250943756103515625e+01 9.914144134521484375e+01
-8.611310958862304688e+00 1.088761711120605469e+01 1.790858745574951172e+00 1.088761711120605469e+01 -4.653770065307617188e+01 5.321553707122802734e+00 1.790858745574951172e+00 5.321553707122802734e+00 -5.694137191772460938e+01
-3.951812362670898438e+01 9.788738250732421875e+00 1.376288986206054688e+01 9.788738250732421875e+00 -4.241251754760742188e+01 7.406990528106689453e+00 1.376288986206054688e+01 7.406990528106689453e+00 -3.493754959106445312e+01
-5.362831115722656250e+01 2.245613813400268555e+00 -7.543269634246826172e+00 2.245613813400268555e+00 -3.032907295227050781e+01 -1.373989391326904297e+01 -7.543269634246826172e+00 -1.373989391326904297e+01 -3.714745330810546875e+01
-3.119513702392578125e+01 -6.510956764221191406e+00 -1.287368202209472656e+01 -6.510956764221191406e+00 -3.844103240966796875e+01 1.957192420959472656e+01 -1.287368202209472656e+01 1.957192420959472656e+01 -4.207544326782226562e+01
-2.943510818481445312e+01 -1.604766464233398438e+01 -3.188887357711791992e+00 -1.604766464233398438e+01 -3.964091873168945312e+01 -4.649570941925048828e+00 -3.188887357711791992e+00 -4.649570941925048828e+00 -3.960587692260742188e+01
-4.784832000732421875e+01 4.851779937744140625e+00 -9.071468353271484375e+00 4.851779937744140625e+00 -3.327517318725585938e+01 1.184966683387756348e+00 -9.071468353271484375e+00 1.184966683387756348e+00 -7.840212249755859375e+01
-2.604236412048339844e+01 6.646472960710525513e-02 -3.431844711303710938e+00 6.646472960710525513e-02 -5.081241226196289062e+01 1.192260067909955978e-02 -3.431844711303710938e+00 1.192260067909955978e-02 -6.121234512329101562e+01
-5.494525146484375000e+01 -9.018482208251953125e+00 -2.448994064331054688e+01 -9.018482208251953125e+00 -3.634391021728515625e+01 1.845774078369140625e+01 -2.448994064331054688e+01 1.845774078369140625e+01 -5.126264190673828125e+01
-3.648245620727539062e+01 -1.273993301391601562e+01 1.889813232421875000e+01 -1.273993301391601562e+01 -7.536812591552734375e+01 9.123921394348144531e-01 1.889813232421875000e+01 9.123921394348144531e-01 -5.665078353881835938e+01
-1.556200599670410156e+01 9.263865470886230469e+00 -1.744482612609863281e+01 9.263865470886230469e+00 -2.088234519958496094e+01 1.547605323791503906e+01 -1.744482612609863281e+01 1.547605323791503906e+01 -3.557117843627929688e+01
-2.537039947509765625e+01 -1.156384372711181641e+01 8.631390571594238281e+00 -1.156384372711181641e+01 -4.480849838256835938e+01 9.076774597167968750e+00 8.631390571594238281e+00 9.076774597167968750e+00 -9.093598937988281250e+01
-6.615177917480468750e+01 -7.736228466033935547e+00 -3.838299036026000977e+00 -7.736228466033935547e+00 -6.775715637207031250e+01 -2.109506416320800781e+01 -3.838299036026000977e+00 -2.109506416320800781e+01 -6.168358993530273438e+01
-2.820876121520996094e+01 -1.601444053649902344e+01 -4.037634849548339844e+00 -1.601444053649902344e+01 -3.114517021179199219e+01 -1.774180793762207031e+01 -4.037634849548339844e+00 -1.774180793762207031e+01 -4.749170303344726562e+01
-3.925968551635742188e+01 -1.795752525329589844e+01 8.127536773681640625e+00 -1.795752525329589844e+01 -4.736627197265625000e+01 4.714937210083007812e+00 8.127536773681640625e+00 4.714937210083007812e+00 -2.167875671386718750e+01
-1.402926349639892578e+01 4.113112449645996094e+00 9.305582046508789062e+00 4.113112449645996094e+00 -2.343102073669433594e+01 -1.131732821464538574e+00 9.305582046508789062e+00 -1.131732821464538574e+00 -3.078804397583007812e+01
-1.841069984436035156e+01 1.588188362121582031e+01 2.630422782897949219e+01 1.588188362121582031e+01 -3.301243972778320312e+01 8.510881662368774414e-01 2.630422782897949219e+01 8.510881662368774414e-01 -1.854175758361816406e+01
-5.222569274902343750e+01 1.374291658401489258e+00 -3.447910547256469727e+00 1.374291658401489258e+00 -6.732236480712890625e+01 3.948410749435424805e+00 -3.447910547256469727e+00 3.948410749435424805e+00 -5.136832046508789062e+01
-5.192683029174804688e+01 1.401158571243286133e+00 -1.822772979736328125e+01 1.401158571243286133e+00 -3.673162078857421875e+01 -3.060122728347778320e+00 -1.822772979736328125e+01 -3.060122728347778320e+00 -4.657091903686523438e+01
-2.681366920471191406e+01 6.329334735870361328e+00 -2.078075981140136719e+01 6.329334735870361328e+00 -5.473640060424804688e+01 -3.760370254516601562e+01 -2.078075981140136719e+01 -3.760370254516601562e+01 -2.558965110778808594e+01
-7.299880218505859375e+01 6.823966979980468750e+00 -1.434687328338623047e+01 6.823966979980468750e+00 -6.627270507812500000e+01 1.655414390563964844e+01 -1.434687328338623047e+01 1.655414390563964844e+01 -5.047098159790039062e+01
-4.886046600341796875e+01 2.596856355667114258e+00 8.355320930480957031e+00 2.596856355667114258e+00 -5.400599670410156250e+01 -1.227635288238525391e+01 8.355320930480957031e+00 -1.227635288238525391e+01 -4.851592254638671875e+01
-2.929081726074218750e+01 -1.013971042633056641e+01 -3.090205430984497070e+00 -1.013971042633056641e+01 -4.958550643920898438e+01 -8.951400756835937500e+00 -3.090205430984497070e+00 -8.951400756835937500e+00 -6.699817657470703125e+01
-5.713929367065429688e+01 -3.452027559280395508e+00 5.194747924804687500e+00 -3.452027559280395508e+00 -3.544848251342773438e+01 -3.252605199813842773e+00 5.194747924804687500e+00 -3.252605199813842773e+00 -7.900006866455078125e+01
-3.910364913940429688e+01 -1.557341480255126953e+01 -1.152989387512207031e+01 -1.557341480255126953e+01 -7.274387359619140625e+01 1.507737255096435547e+01 -1.152989387512207031e+01 1.507737255096435547e+01 -4.535841751098632812e+01
-2.990570831298828125e+01 1.082158851623535156e+01 -1.553048229217529297e+01 1.082158851623535156e+01 -3.998720932006835938e+01 5.975758552551269531e+00 -1.553048229217529297e+01 5.975758552551269531e+00 -5.190502929687500000e+01
-1.051238155364990234e+01 8.769962191581726074e-01 3.064943075180053711e+00 8.769962191581726074e-01 -4.293119049072265625e+01 -2.128822517395019531e+01 3.064943075180053711e+00 -2.128822517395019531e+01 -2.512023735046386719e+01
-6.892578125000000000e+01 -1.217321109771728516e+01 -1.761554908752441406e+01 -1.217321109771728516e+01 -7.225615692138671875e+01 7.398533821105957031e+00 -1.761554908752441406e+01 7.398533821105957031e+00 -4.351753616333007812e+01
-8.075357818603515625e+01 -2.161466836929321289e+00 -1.196777248382568359e+01 -2.161466836929321289e+00 -3.256584930419921875e+01 -2.095451116561889648e+00 -1.196777248382568359e+01 -2.095451116561889648e+00 -5.654979705810546875e+01
-2.750052642822265625e+01 2.623066711425781250e+01 4.639818191528320312e+00 2.623066711425781250e+01 -3.996028900146484375e+01 9.925798416137695312e+00 4.639818191528320312e+00 9.925798416137695312e+00 -8.493603706359863281e+00
-2.561639976501464844e+01 4.719067096710205078e+00 8.697577476501464844e+00 4.719067096710205078e+00 -5.408675670623779297e+00 1.591746425628662109e+01 8.697577476501464844e+00 1.591746425628662109e+01 -3.454492568969726562e+01
-4.255604553222656250e+01 -2.209217071533203125e+01 -6.861038684844970703e+00 -2.209217071533203125e+01 -6.299417114257812500e+01 -4.592629432678222656e+00 -6.861038684844970703e+00 -4.592629432678222656e+00 -1.807283210754394531e+01
-7.841773223876953125e+01 2.129207801818847656e+01 -3.515372467041015625e+01 2.129207801818847656e+01 -4.003671264648437500e+01 -8.029417037963867188e+00 -3.515372467041015625e+01 -8.029417037963867188e+00 -2.780462455749511719e+01
-3.050001716613769531e+01 3.173595905303955078e+00 -1.343332171440124512e+00 3.173595905303955078e+00 -1.240189456939697266e+01 -1.330935001373291016e+01 -1.343332171440124512e+00 -1.330935001373291016e+01 -3.631748199462890625e+01
2.406538128852844238e-01 5.610864639282226562e+00 -1.373805904388427734e+01 5.610864639282226562e+00 -3.116799354553222656e+01 -1.453065967559814453e+01 -1.373805904388427734e+01 -1.453065967559814453e+01 -3.131792259216308594e+01
-2.505536460876464844e+01 -8.149411201477050781e+00 8.743665695190429688e+00 -8.149411201477050781e+00 -7.797194480895996094e+00 -1.225088119506835938e+01 8.743665695190429688e+00 -1.225088119506835938e+01 -1.342237567901611328e+01
-3.052235984802246094e+01 -5.587194919586181641e+00 5.544531345367431641e+00 -5.587194919586181641e+00 -4.138947677612304688e+01 -2.811842155456542969e+01 5.544531345367431641e+00 -2.811842155456542969e+01 -4.400333786010742188e+01
-6.491254425048828125e+01 1.295011425018310547e+01 -1.569648265838623047e+01 1.295011425018310547e+01 -3.038495826721191406e+01 -2.252522277832031250e+01 -1.569648265838623047e+01 -2.252522277832031250e+01 -3.012594985961914062e+01
-2.091537952423095703e+00 1.819329452514648438e+01 1.598760986328125000e+01 1.819329452514648438e+01 -3.560596847534179688e+01 1.664936256408691406e+01 1.598760986328125000e+01 1.664936256408691406e+01 -1.049981784820556641e+01
-4.091082000732421875e+01 -1.661964416503906250e+01 -1.208971977233886719e+01 -1.661964416503906250e+01 -5.630836868286132812e+01 1.234382915496826172e+01 -1.208971977233886719e+01 1.234382915496826172e+01 -5.787178421020507812e+01
-1.568784713745117188e+01 -1.525118350982666016e+01 -2.027576684951782227e+00 -1.525118350982666016e+01 -2.003848266601562500e+01 -6.826614379882812500e+00 -2.027576684951782227e+00 -6.826614379882812500e+00 -3.881516647338867188e+01
-6.654866027832031250e+01 1.265301513671875000e+01 -1.127324581146240234e+01 1.265301513671875000e+01 -6.650199890136718750e+01 4.217209339141845703e+00 -1.127324581146240234e+01 4.217209339141845703e+00 -3.885200119018554688e+01
-2.100551986694335938e+01 -1.492040395736694336e+00 2.902340412139892578e+00 -1.492040395736694336e+00 -5.351937866210937500e+01 2.524411439895629883e+00 2.902340412139892578e+00 2.524411439895629883e+00 -5.539108276367187500e+01
-4.102671051025390625e+01 8.647100448608398438e+00 -1.799923133850097656e+01 8.647100448608398438e+00 -2.066625404357910156e+01 1.080667781829833984e+01 -1.799923133850097656e+01 1.080667781829833984e+01 -2.369147109985351562e+01
-3.649715805053710938e+01 -4.521258354187011719e+00 1.096545124053955078e+01 -4.521258354187011719e+00 -3.221799087524414062e+01 1.111586189270019531e+01 1.096545124053955078e+01 1.111586189270019531e+01 -1.335096740722656250e+01
-3.151996803283691406e+01 2.319712877273559570e+00 -2.619322061538696289e+00 2.319712877273559570e+00 -4.722866821289062500e+01 1.834607243537902832e+00 -2.619322061538696289e+00 1.834607243537902832e+00 -6.195741653442382812e+00
-5.121484756469726562e+01 -1.363032817840576172e+01 1.150623416900634766e+01 -1.363032817840576172e+01 -6.608724212646484375e+01 -2.748728990554809570e+00 1.150623416900634766e+01 -2.748728990554809570e+00 -5.906703948974609375e+01
-6.058420562744140625e+01 -1.612579536437988281e+01 1.974761247634887695e+00 -1.612579536437988281e+01 -5.966986083984375000e+01 -7.929453849792480469e+00 1.974761247634887695e+00 -7.929453849792480469e+00 -4.177751922607421875e+01
6.532365417480468750e+01 1.758470153808593750e+01 1.558926010131835938e+01 1.758470153808593750e+01 6.030271148681640625e+01 2.250943756103515625e+01 1.558926010131835938e+01 2.250943756103515625e+01 9.914144134521484375e+01
-4.503663635253906250e+01 5.368190765380859375e+00 1.423588752746582031e+00 5.368190765380859375e+00 -3.484347534179687500e+01 -1.093597126007080078e+01 1.423588752746582031e+00 -1.093597126007080078e+01 -6.670606994628906250e+01
-6.571851348876953125e+01 2.320163536071777344e+01 1.106726741790771484e+01 2.320163536071777344e+01 -4.371674346923828125e+01 -9.130122184753417969e+00 1.106726741790771484e+01 -9.130122184753417969e+00 -4.707182312011718750e+01
-1.308329963684082031e+01 -8.483510017395019531e+00 -2.412704378366470337e-02 -8.483510017395019531e+00 -1.757321166992187500e+01 4.499678611755371094e+00 -2.412704378366470337e-02 4.499678611755371094e+00 -3.110149765014648438e+01
-5.995521545410156250e+01 -1.082381343841552734e+01 -8.176457405090332031e+00 -1.082381343841552734e+01 7.860672473907470703e+00 -2.069390106201171875e+01 -8.176457405090332031e+00 -2.069390106201171875e+01 -4.481256866455078125e+01
-3.127728080749511719e+01 -6.087977886199951172e-01 -3.653316736221313477e+00 -6.087977886199951172e-01 -3.909204483032226562e+01 -1.382137012481689453e+01 -3.653316736221313477e+00 -1.382137012481689453e+01 -6.889938354492187500e+01
-4.683331298828125000e+01 -2.280258560180664062e+01 -6.805576682090759277e-01 -2.280258560180664062e+01 -5.522638320922851562e+01 9.282990455627441406e+00 -6.805576682090759277e-01 9.282990455627441406e+00 -5.010626220703125000e+01
-3.164024734497070312e+01 2.389078521728515625e+01 -1.786441802978515625e+00 2.389078521728515625e+01 -2.432430839538574219e+01 9.285669326782226562e+00 -1.786441802978515625e+00 9.285669326782226562e+00 -2.339675140380859375e+01
-4.042287445068359375e+01 -2.206368255615234375e+01 -1.029672145843505859e+01 -2.206368255615234375e+01 -3.212240600585937500e+01 -6.692149162292480469e+00 -1.029672145843505859e+01 -6.692149162292480469e+00 -3.921265411376953125e+01
-4.791932296752929688e+01 -1.005968379974365234e+01 4.902544617652893066e-01 -1.005968379974365234e+01 -3.579172134399414062e+01 2.222996473312377930e+00 4.902544617652893066e-01 2.222996473312377930e+00 -2.505633354187011719e+01
-2.490648269653320312e+01 4.330597877502441406e+00 -5.364345550537109375e+00 4.330597877502441406e+00 -3.334218978881835938e+01 1.866636514663696289e+00 -5.364345550537109375e+00 1.866636514663696289e+00 -2.645970916748046875e+01
-3.265939712524414062e+01 2.199980354309082031e+01 1.308238267898559570e+00 2.199980354309082031e+01 -2.600962638854980469e+01 -2.588880956172943115e-01 1.308238267898559570e+00 -2.588880956172943115e-01 -4.355874252319335938e+01
-6.426493835449218750e+01 -1.693228721618652344e+01 3.000177145004272461e+00 -1.693228721618652344e+01 -6.425187683105468750e+01 1.303908348083496094e+01 3.000177145004272461e+00 1.303908348083496094e+01 -4.436973953247070312e+01
-2.666413497924804688e+01 2.549832344055175781e+01 1.845623588562011719e+01 2.549832344055175781e+01 -4.297343063354492188e+01 1.777515411376953125e+01 1.845623588562011719e+01 1.777515411376953125e+01 -4.964145660400390625e+01
-3.558287429809570312e+01 -8.772748947143554688e+00 1.432911872863769531e+00 -8.772748947143554688e+00 -3.217450332641601562e+01 2.810148811340332031e+01 1.432911872863769531e+00 2.810148811340332031e+01 -3.070914459228515625e+01
-2.798430824279785156e+01 4.293915748596191406e+00 -3.837967634201049805e+00 4.293915748596191406e+00 -3.450651931762695312e+01 -2.650591433048248291e-01 -3.837967634201049805e+00 -2.650591433048248291e-01 -3.693319320678710938e+01
-3.055320167541503906e+01 -3.851003646850585938e-01 2.744590187072753906e+01 -3.851003646850585938e-01 -4.877982330322265625e+01 1.246969032287597656e+01 2.744590187072753906e+01 1.246969032287597656e+01 -2.755628967285156250e+01
-5.634020614624023438e+01 -1.513608264923095703e+01 6.526310443878173828e+00 -1.513608264923095703e+01 -9.026146697998046875e+01 6.060317993164062500e+00 6.526310443878173828e+00 6.060317993164062500e+00 -4.145868301391601562e+01
-2.824506759643554688e+01 -2.471120357513427734e+00 -4.803199768066406250e+00 -2.471120357513427734e+00 -1.497972488403320312e+01 5.866065502166748047e+00 -4.803199768066406250e+00 5.866065502166748047e+00 -5.432929992675781250e+00
-1.595382881164550781e+01 2.035734415054321289e+00 -1.015297174453735352e+00 2.035734415054321289e+00 -7.837566852569580078e+00 1.366902637481689453e+01 -1.015297174453735352e+00 1.366902637481689453e+01 -5.470874023437500000e+01
-1.097039699554443359e+01 2.486095046997070312e+01 4.062963008880615234e+00 2.486095046997070312e+01 -2.251863479614257812e+01 1.478878021240234375e+01 4.062963008880615234e+00 1.478878021240234375e+01 -9.619687080383300781e+00
-2.094084930419921875e+01 -4.466885030269622803e-01 7.311204910278320312e+00 -4.466885030269622803e-01 -5.977264022827148438e+01 -7.851255416870117188e+00 7.311204910278320312e+00 -7.851255416870117188e+00 -4.563401794433593750e+01
-4.095071029663085938e+01 -1.029617786407470703e+01 1.340930175781250000e+01 -1.029617786407470703e+01 -4.047763061523437500e+01 -7.232782840728759766e+00 1.340930175781250000e+01 -7.232782840728759766e+00 -2.432442283630371094e+01
-3.820668792724609375e+01 1.524449539184570312e+01 4.078716278076171875e+00 1.524449539184570312e+01 -1.911898422241210938e+01 -4.964690208435058594e+00 4.078716278076171875e+00 -4.964690208435058594e+00 -4.988073348999023438e+01
-1.188406467437744141e+01 -1.490731811523437500e+01 8.135967254638671875e+00 -1.490731811523437500e+01 -3.133779144287109375e+01 -8.880278587341308594e+00 8.135967254638671875e+00 -8.880278587341308594e+00 -2.852789402008056641e+00
-1.868359375000000000e+01 7.587138652801513672e+00 4.007868766784667969e+00 7.587138652801513672e+00 -3.925819396972656250e+01 -1.723436927795410156e+01 4.007868766784667969e+00 -1.723436927795410156e+01 -1.297669601440429688e+01
-4.631343460083007812e+01 -3.711801767349243164e+00 -1.533449888229370117e+00 -3.711801767349243164e+00 -2.515705490112304688e+01 -1.203163719177246094e+01 -1.533449888229370117e+00 -1.203163719177246094e+01 -2.121281051635742188e+01
-6.986453247070312500e+01 -1.318463802337646484e+01 -2.114247083663940430e+00 -1.318463802337646484e+01 -2.666982078552246094e+01 -1.831488227844238281e+01 -2.114247083663940430e+00 -1.831488227844238281e+01 -7.175471782684326172e+00
-5.799310684204101562e+01 9.923365592956542969e+00 2.622563743591308594e+01 9.923365592956542969e+00 -6.594319152832031250e+01 -3.209466218948364258e+00 2.622563743591308594e+01 -3.209466218948364258e+00 -6.864347839355468750e+01
-2.823241806030273438e+01 -6.061498165130615234e+00 -6.174887657165527344e+00 -6.061498165130615234e+00 -5.546782684326171875e+01 -1.942729949951171875e+01 -6.174887657165527344e+00 -1.942729949951171875e+01 -5.813765716552734375e+01
-4.881066131591796875e+01 4.006253719329833984e+00 2.910526037216186523e+00 4.006253719329833984e+00 -4.377754974365234375e+01 -1.939860534667968750e+01 2.910526037216186523e+00 -1.939860534667968750e+01 -3.332843399047851562e+01
-3.238410186767578125e+01 -5.437826633453369141e+00 1.946315383911132812e+01 -5.437826633453369141e+00 -4.607084655761718750e+01 -1.307306098937988281e+01 1.946315383911132812e+01 -1.307306098937988281e+01 -3.662224054336547852e+00
2.423559379577636719e+01 -1.009198760986328125e+01 -3.188566589355468750e+01 -1.009198760986328125e+01 -1.781991195678710938e+01 -1.158730316162109375e+01 -3.188566589355468750e+01 -1.158730316162109375e+01 -7.468146514892578125e+01
-2.229221725463867188e+01 7.032465457916259766e+00 -1.031102848052978516e+01 7.032465457916259766e+00 -2.750446701049804688e+01 8.787072300910949707e-01 -1.031102848052978516e+01 8.787072300910949707e-01 -6.636432647705078125e+01
-3.520271682739257812e+01 2.386433601379394531e+00 2.571108102798461914e+00 2.386433601379394531e+00 -1.963303685188293457e+00 3.528752326965332031e+00 2.571108102798461914e+00 3.528752326965332031e+00 -8.596451878547668457e-01
-2.360177516937255859e+00 -1.271274185180664062e+01 -1.525126838684082031e+01 -1.271274185180664062e+01 -7.906022548675537109e+00 -2.545683145523071289e+00 -1.525126838684082031e+01 -2.545683145523071289e+00 -4.959214401245117188e+01
-3.625190353393554688e+01 -2.871297073364257812e+01 -1.423152446746826172e+01 -2.871297073364257812e+01 9.989910759031772614e-03 -1.027891921997070312e+01 -1.423152446746826172e+01 -1.027891921997070312e+01 -4.386894226074218750e+01
-1.932705116271972656e+01 1.190984058380126953e+01 3.129075765609741211e+00 1.190984058380126953e+01 1.336372566223144531e+01 -5.867668151855468750e+00 3.129075765609741211e+00 -5.867668151855468750e+00 -1.327419948577880859e+01
-2.344653892517089844e+01 -4.340094089508056641e+00 -6.381600856781005859e+00 -4.340094089508056641e+00 -6.018754577636718750e+01 -1.175698852539062500e+01 -6.381600856781005859e+00 -1.175698852539062500e+01 -1.560083866119384766e+01
-5.151580047607421875e+01 3.491802811622619629e-01 -3.116123914718627930e+00 3.491802811622619629e-01 -4.826974487304687500e+01 1.233166408538818359e+01 -3.116123914718627930e+00 1.233166408538818359e+01 -2.370948028564453125e+01
-2.211684989929199219e+01 -2.085985755920410156e+01 -1.214807510375976562e+01 -2.085985755920410156e+01 -3.481433105468750000e+01 8.981698036193847656e+00 -1.214807510375976562e+01 8.981698036193847656e+00 -2.498642158508300781e+01
-4.139505004882812500e+01 1.684288406372070312e+01 -2.300751209259033203e-01 1.684288406372070312e+01 -4.142293548583984375e+01 9.018101096153259277e-01 -2.300751209259033203e-01 9.018101096153259277e-01 -3.107472419738769531e+01
-5.022168731689453125e+01 1.481602573394775391e+01 2.143940734863281250e+01 1.481602573394775391e+01 -4.618020248413085938e+01 6.420883655548095703e+00 2.143940734863281250e+01 6.420883655548095703e+00 -4.373427581787109375e+01
-3.023506355285644531e+01 -1.515023899078369141e+01 -9.474776387214660645e-01 -1.515023899078369141e+01 -3.594136810302734375e+01 1.142088985443115234e+01 -9.474776387214660645e-01 1.142088985443115234e+01 -2.011317014694213867e+00
-2.738879585266113281e+01 -2.105929374694824219e+01 -7.483612060546875000e+00 -2.105929374694824219e+01 -1.007588028907775879e+00 -9.505026817321777344e+00 -7.483612060546875000e+00 -9.505026817321777344e+00 1.171768569946289062e+01
-7.103449249267578125e+01 5.525412082672119141e+00 5.948174953460693359e+00 5.525412082672119141e+00 -6.589596557617187500e+01 2.163788318634033203e+00 5.948174953460693359e+00 2.163788318634033203e+00 -5.047189331054687500e+01
1.768294453620910645e+00 -5.422895431518554688e+00 2.556034088134765625e+00 -5.422895431518554688e+00 -1.344364833831787109e+01 1.378973674774169922e+01 2.556034088134765625e+00 1.378973674774169922e+01 -7.015482187271118164e-01
-2.938229560852050781e+01 2.565758705139160156e+00 -1.025132083892822266e+01 2.565758705139160156e+00 -3.850000381469726562e+01 -1.087081146240234375e+01 -1.025132083892822266e+01 -1.087081146240234375e+01 -2.071346473693847656e+01
-2.799297332763671875e+01 -1.174713134765625000e+01 -8.902750968933105469e+00 -1.174713134765625000e+01 -3.591592788696289062e+01 8.751441001892089844e+00 -8.902750968933105469e+00 8.751441001892089844e+00 2.234687328338623047e+00
-6.525250911712646484e+00 1.015293407440185547e+01 -1.523390960693359375e+01 1.015293407440185547e+01 -4.376771545410156250e+01 1.248743724822998047e+01 -1.523390960693359375e+01 1.248743724822998047e+01 -3.120948028564453125e+01
-6.382115554809570312e+01 -1.007605648040771484e+01 -3.000807523727416992e+00 -1.007605648040771484e+01 -6.288377380371093750e+01 3.881469666957855225e-01 -3.000807523727416992e+00 3.881469666957855225e-01 -5.165234088897705078e+00
-4.436738967895507812e+01 -1.230119800567626953e+01 1.746427059173583984e+00 -1.230119800567626953e+01 -3.305413055419921875e+01 2.048990428447723389e-01 1.746427059173583984e+00 2.048990428447723389e-01 -2.646722602844238281e+01
1.040262937545776367e+00 4.710179805755615234e+00 -2.371778249740600586e+00 4.710179805755615234e+00 2.545100593566894531e+01 1.835217666625976562e+01 -2.371778249740600586e+00 1.835217666625976562e+01 -2.280102539062500000e+01
-5.972843170166015625e+01 7.409959316253662109e+00 -1.647568321228027344e+01 7.409959316253662109e+00 -3.815607452392578125e+01 -3.986531496047973633e+00 -1.647568321228027344e+01 -3.986531496047973633e+00 -1.854931449890136719e+01
-3.892244720458984375e+01 -2.687145233154296875e+01 1.023461151123046875e+01 -2.687145233154296875e+01 -2.495396041870117188e+01 1.474378776550292969e+01 1.023461151123046875e+01 1.474378776550292969e+01 -3.540916061401367188e+01
-3.670280075073242188e+01 -1.287234687805175781e+01 -2.441480398178100586e+00 -1.287234687805175781e+01 -2.998789978027343750e+01 -1.571124315261840820e+00 -2.441480398178100586e+00 -1.571124315261840820e+00 -2.360083770751953125e+01
-1.531099557876586914e+00 -1.025800704956054688e+01 3.411509275436401367e+00 -1.025800704956054688e+01 -2.014432525634765625e+01 -2.003993797302246094e+01 3.411509275436401367e+00 -2.003993797302246094e+01 -3.777817153930664062e+01
-2.864891242980957031e+01 -2.965739488601684570e+00 4.196378231048583984e+00 -2.965739488601684570e+00 -6.793479156494140625e+01 8.083735704421997070e-01 4.196378231048583984e+00 8.083735704421997070e-01 -5.073448562622070312e+01
-2.847203254699707031e+01 4.928302764892578125e+00 1.173117351531982422e+01 4.928302764892578125e+00 -4.795634841918945312e+01 -9.661564826965332031e-01 1.173117351531982422e+01 -9.661564826965332031e-01 -2.598607444763183594e+01
-4.663013839721679688e+01 6.020928382873535156e+00 -4.522371768951416016e+00 6.020928382873535156e+00 -5.759960174560546875e+01 -1.501157093048095703e+01 -4.522371768951416016e+00 -1.501157093048095703e+01 -5.121431732177734375e+01
-8.002064704895019531e+00 2.979484081268310547e+00 -1.243930816650390625e+01 2.979484081268310547e+00 -2.522605514526367188e+01 8.517824172973632812e+00 -1.243930816650390625e+01 8.517824172973632812e+00 -4.040217208862304688e+01
-1.857201766967773438e+01 -1.401181125640869141e+01 -9.663435935974121094e+00 -1.401181125640869141e+01 -2.433039474487304688e+01 2.696387290954589844e+01 -9.663435935974121094e+00 2.696387290954589844e+01 -2.616328620910644531e+01
-1.056082248687744141e+01 3.029527425765991211e+00 -1.984674072265625000e+01 3.029527425765991211e+00 -5.691300582885742188e+01 -7.629219055175781250e+00 -1.984674072265625000e+01 -7.629219055175781250e+00 -6.214822769165039062e+01
-1.402405834197998047e+01 2.917363047599792480e-01 1.362160110473632812e+01 2.917363047599792480e-01 -4.536348342895507812e+01 -1.868994140625000000e+01 1.362160110473632812e+01 -1.868994140625000000e+01 1.469972705841064453e+01
-3.329238510131835938e+01 4.236663341522216797e+00 -2.201097488403320312e+01 4.236663341522216797e+00 -5.484144687652587891e+00 4.491978287696838379e-01 -2.201097488403320312e+01 4.491978287696838379e-01 -2.247509574890136719e+01
-3.022658157348632812e+01 -1.584756016731262207e+00 1.280576896667480469e+01 -1.584756016731262207e+00 -4.453402709960937500e+01 -1.122260570526123047e+00 1.280576896667480469e+01 -1.122260570526123047e+00 -2.326121902465820312e+01
-2.504834747314453125e+01 4.920290946960449219e+00 3.697042763233184814e-01 4.920290946960449219e+00 -3.030978775024414062e+01 -1.426128864288330078e+01 3.697042763233184814e-01 -1.426128864288330078e+01 -2.463492965698242188e+01
-1.405813598632812500e+01 -1.085044765472412109e+01 -1.086957359313964844e+01 -1.085044765472412109e+01 -2.754738998413085938e+01 -4.772869586944580078e+00 -1.086957359313964844e+01 -4.772869586944580078e+00 -4.269443511962890625e+01
-1.894784355163574219e+01 2.199637794494628906e+01 5.400126427412033081e-02 2.199637794494628906e+01 -6.093361663818359375e+01 -6.409380435943603516e+00 5.400126427412033081e-02 -6.409380435943603516e+00 9.530204772949218750e+00
-2.268782615661621094e+01 2.898906898498535156e+01 -3.406598091125488281e+00 2.898906898498535156e+01 -2.156586074829101562e+01 7.260574817657470703e+00 -3.406598091125488281e+00 7.260574817657470703e+00 -3.453489303588867188e+01
-2.751791000366210938e+01 7.215251445770263672e+00 5.052886486053466797e+00 7.215251445770263672e+00 -3.839348602294921875e+01 -6.179240703582763672e+00 5.052886486053466797e+00 -6.179240703582763672e+00 -3.736725234985351562e+01
-2.455950355529785156e+01 5.221686363220214844e+00 3.832727193832397461e+00 5.221686363220214844e+00 -1.039395523071289062e+01 1.758520889282226562e+01 3.832727193832397461e+00 1.758520889282226562e+01 -1.814044189453125000e+01
-3.667035675048828125e+01 -2.051403760910034180e+00 2.504596471786499023e+00 -2.051403760910034180e+00 -8.512110900878906250e+01 1.633293914794921875e+01 2.504596471786499023e+00 1.633293914794921875e+01 -5.043523788452148438e+01
-2.607422637939453125e+01 -4.294392585754394531e+00 8.210679054260253906e+00 -4.294392585754394531e+00 3.574115991592407227e+00 -1.037880897521972656e+00 8.210679054260253906e+00 -1.037880897521972656e+00 -2.724124908447265625e+01
1.213838958740234375e+01 -4.008325576782226562e+00 -8.061790466308593750e+00 -4.008325576782226562e+00 -3.624127960205078125e+01 7.356722831726074219e+00 -8.061790466308593750e+00 7.356722831726074219e+00 2.349040746688842773e+00
5.971306800842285156e+00 2.116411018371582031e+01 2.264418029785156250e+01 2.116411018371582031e+01 -3.260235595703125000e+01 -1.056947994232177734e+01 2.264418029785156250e+01 -1.056947994232177734e+01 -2.254529953002929688e+01
-2.531134986877441406e+01 1.096597576141357422e+01 1.542343139648437500e+01 1.096597576141357422e+01 -1.922209167480468750e+01 9.379174232482910156e+00 1.542343139648437500e+01 9.379174232482910156e+00 -5.824010086059570312e+01
-3.002646636962890625e+01 5.738926529884338379e-01 -1.376914024353027344e+01 5.738926529884338379e-01 -8.169467926025390625e+00 -1.065489006042480469e+01 -1.376914024353027344e+01 -1.065489006042480469e+01 -1.076567077636718750e+01
-2.720512771606445312e+01 4.816161632537841797e+00 2.876013517379760742e-01 4.816161632537841797e+00 -4.400220870971679688e+01 -7.783262252807617188e+00 2.876013517379760742e-01 -7.783262252807617188e+00 -4.547078704833984375e+01
-8.612329483032226562e+00 3.378817558288574219e+00 -3.715540409088134766e+00 3.378817558288574219e+00 -1.588162326812744141e+01 -1.581341266632080078e+01 -3.715540409088134766e+00 -1.581341266632080078e+01 -3.051382064819335938e+01
