1.668867468833923340e+00 8.371926307678222656e+00 1.421947097778320312e+01 8.371926307678222656e+00 -1.955020141601562500e+01 -8.184622526168823242e-01 1.421947097778320312e+01 -8.184622526168823242e-01 -3.428601074218750000e+01
-2.788153076171875000e+01 9.262252807617187500e+00 9.681912422180175781e+00 9.262252807617187500e+00 -9.556914329528808594e+00 1.137805819511413574e+00 9.681912422180175781e+00 1.137805819511413574e+00 -2.972026062011718750e+01
-1.582036781311035156e+01 1.515222668647766113e+00 9.917210578918457031e+00 1.515222668647766113e+00 3.164412975311279297e+00 -1.524715328216552734e+01 9.917210578918457031e+00 -1.524715328216552734e+01 1.012449502944946289e+00
-2.830068397521972656e+01 -2.158549308776855469e+01 2.325854778289794922e+00 -2.158549308776855469e+01 -2.927351760864257812e+01 -7.683615386486053467e-02 2.325854778289794922e+00 -7.683615386486053467e-02 -3.510411071777343750e+01
-9.542890548706054688e+00 3.535296440124511719e+00 1.995545178651809692e-01 3.535296440124511719e+00 -4.181362152099609375e+00 -7.505426883697509766e+00 1.995545178651809692e-01 -7.505426883697509766e+00 -2.323178100585937500e+01
-2.944623708724975586e+00 -7.483446002006530762e-01 1.457492637634277344e+01 -7.483446002006530762e-01 -1.880919456481933594e+01 2.611302185058593750e+01 1.457492637634277344e+01 2.611302185058593750e+01 -2.131388282775878906e+01
-1.547190189361572266e+01 5.098476409912109375e-01 9.124167561531066895e-01 5.098476409912109375e-01 -3.911191177368164062e+01 -5.787692666053771973e-01 9.124167561531066895e-01 -5.787692666053771973e-01 -4.234581947326660156e+00
-1.251657104492187500e+01 1.177144908905029297e+01 1.938233757019042969e+01 1.177144908905029297e+01 -2.072234153747558594e+01 -5.189881324768066406e+00 1.938233757019042969e+01 -5.189881324768066406e+00 -3.283536148071289062e+01
-1.688042259216308594e+01 -8.046465873718261719e+00 -4.484024524688720703e+00 -8.046465873718261719e+00 1.165371990203857422e+01 6.229188919067382812e+00 -4.484024524688720703e+00 6.229188919067382812e+00 2.179172039031982422e+00
1.435216426849365234e+01 2.152759361267089844e+01 -4.479477405548095703e+00 2.152759361267089844e+01 -5.720258235931396484e+00 9.649374961853027344e+00 -4.479477405548095703e+00 9.649374961853027344e+00 3.019487857818603516e+00
1.634780502319335938e+01 1.690424346923828125e+01 3.253157138824462891e-01 1.690424346923828125e+01 1.173096752166748047e+01 -1.040617370605468750e+01 3.253157138824462891e-01 -1.040617370605468750e+01 -1.519829082489013672e+01
3.844152450561523438e+00 1.068697071075439453e+01 -3.532218933105468750e+00 1.068697071075439453e+01 1.390083980560302734e+01 -1.317574381828308105e-01 -3.532218933105468750e+00 -1.317574381828308105e-01 -3.252199888229370117e+00
-1.425564289093017578e+01 2.144372749328613281e+01 -9.800458908081054688e+00 2.144372749328613281e+01 -1.814965057373046875e+01 6.905977249145507812e+00 -9.800458908081054688e+00 6.905977249145507812e+00 -2.908386611938476562e+01
4.904227733612060547e+00 1.823512458801269531e+01 -2.679070711135864258e+00 1.823512458801269531e+01 1.334535503387451172e+01 3.113026380538940430e+00 -2.679070711135864258e+00 3.113026380538940430e+00 -8.060970306396484375e-01
-1.612941741943359375e+01 4.730596542358398438e+00 -2.403620147705078125e+01 4.730596542358398438e+00 1.120193195343017578e+01 -1.992872428894042969e+01 -2.403620147705078125e+01 -1.992872428894042969e+01 1.274341869354248047e+01
7.014698028564453125e+00 1.598868083953857422e+01 6.052141189575195312e-01 1.598868083953857422e+01 6.611255168914794922e+00 -1.318071842193603516e+01 6.052141189575195312e-01 -1.318071842193603516e+01 -1.024798274040222168e+00
-1.861247444152832031e+01 -6.903449535369873047e+00 -1.136768341064453125e+01 -6.903449535369873047e+00 1.664069771766662598e+00 -3.886297464370727539e+00 -1.136768341064453125e+01 -3.886297464370727539e+00 -1.503672122955322266e+01
-1.151403045654296875e+01 1.444758892059326172e+01 -8.213103294372558594e+00 1.444758892059326172e+01 -2.201755523681640625e+01 1.310425567626953125e+01 -8.213103294372558594e+00 1.310425567626953125e+01 1.522186994552612305e-01
7.073719501495361328e+00 -1.154299497604370117e+00 -6.489408016204833984e+00 -1.154299497604370117e+00 -5.350685501098632812e+01 -8.338704109191894531e+00 -6.489408016204833984e+00 -8.338704109191894531e+00 -2.102916145324707031e+01
-1.783819007873535156e+01 -2.578484296798706055e+00 -1.235054302215576172e+01 -2.578484296798706055e+00 -7.591456890106201172e+00 -7.302962303161621094e+00 -1.235054302215576172e+01 -7.302962303161621094e+00 -1.369663524627685547e+01
-2.187160110473632812e+01 -9.326881408691406250e+00 -8.109943568706512451e-02 -9.326881408691406250e+00 -1.063635253906250000e+01 -1.108742332458496094e+01 -8.109943568706512451e-02 -1.108742332458496094e+01 8.894979476928710938e+00
-1.638931655883789062e+01 6.123721599578857422e+00 -8.440021514892578125e+00 6.123721599578857422e+00 -2.162281799316406250e+01 -2.778145074844360352e+00 -8.440021514892578125e+00 -2.778145074844360352e+00 -1.607463073730468750e+01
-3.374500656127929688e+01 -2.978011131286621094e+00 -1.738533401489257812e+01 -2.978011131286621094e+00 -1.744356155395507812e+01 9.849727630615234375e+00 -1.738533401489257812e+01 9.849727630615234375e+00 -3.363591384887695312e+01
6.495007991790771484e+00 -2.115854501724243164e+00 -1.100351238250732422e+01 -2.115854501724243164e+00 -2.009856939315795898e+00 -1.170578479766845703e+01 -1.100351238250732422e+01 -1.170578479766845703e+01 -2.245107269287109375e+01
2.654065132141113281e+00 4.237802326679229736e-01 -7.429477214813232422e+00 4.237802326679229736e-01 -5.869444370269775391e+00 4.819566249847412109e+00 -7.429477214813232422e+00 4.819566249847412109e+00 1.720702552795410156e+01
7.213277339935302734e+00 -5.714272499084472656e+00 -6.309432983398437500e+00 -5.714272499084472656e+00 1.675279855728149414e+00 3.111875057220458984e+00 -6.309432983398437500e+00 3.111875057220458984e+00 1.290393257141113281e+01
7.914314270019531250e+00 -8.277488708496093750e+00 -1.003930473327636719e+01 -8.277488708496093750e+00 -1.032169914245605469e+01 -1.784540748596191406e+01 -1.003930473327636719e+01 -1.784540748596191406e+01 -2.170094871520996094e+01
1.118298625946044922e+01 -3.416051626205444336e+00 -2.331886672973632812e+01 -3.416051626205444336e+00 -2.276857757568359375e+01 -4.591775894165039062e+00 -2.331886672973632812e+01 -4.591775894165039062e+00 3.149674892425537109e+00
6.238771915435791016e+00 3.549259662628173828e+00 1.147377395629882812e+01 3.549259662628173828e+00 -1.906786537170410156e+01 1.086035156250000000e+01 1.147377395629882812e+01 1.086035156250000000e+01 -1.485945224761962891e+01
-1.127523708343505859e+01 5.770045280456542969e+00 4.239608287811279297e+00 5.770045280456542969e+00 -1.257695484161376953e+01 4.135839462280273438e+00 4.239608287811279297e+00 4.135839462280273438e+00 -2.577000427246093750e+01
-1.743433952331542969e+01 5.439543247222900391e+00 1.010565471649169922e+01 5.439543247222900391e+00 -4.695819854736328125e+01 8.174112319946289062e+00 1.010565471649169922e+01 8.174112319946289062e+00 -1.142484855651855469e+01
-1.234912300109863281e+01 9.571228981018066406e+00 -1.327075576782226562e+01 9.571228981018066406e+00 -2.112577629089355469e+01 -1.226523995399475098e+00 -1.327075576782226562e+01 -1.226523995399475098e+00 -1.553324413299560547e+01
-2.472128160297870636e-02 -3.209361553192138672e+00 2.113965749740600586e+00 -3.209361553192138672e+00 -3.293980026245117188e+01 1.259590744972229004e+00 2.113965749740600586e+00 1.259590744972229004e+00 -1.012437629699707031e+01
-1.206585502624511719e+01 -5.936716198921203613e-01 8.932229042053222656e+00 -5.936716198921203613e-01 -2.046079254150390625e+01 -1.222120475769042969e+01 8.932229042053222656e+00 -1.222120475769042969e+01 -7.238754749298095703e+00
-2.004456138610839844e+01 6.681322574615478516e+00 -1.045596790313720703e+01 6.681322574615478516e+00 -3.894319915771484375e+01 1.190923595428466797e+01 -1.045596790313720703e+01 1.190923595428466797e+01 -2.815540122985839844e+01
-2.112084960937500000e+01 1.036695957183837891e+01 -2.208457756042480469e+01 1.036695957183837891e+01 -2.206586837768554688e+01 9.419603347778320312e+00 -2.208457756042480469e+01 9.419603347778320312e+00 1.283887028694152832e+00
-2.810020065307617188e+01 3.031650781631469727e+00 -7.128469944000244141e+00 3.031650781631469727e+00 -3.314396381378173828e+00 1.608522415161132812e+01 -7.128469944000244141e+00 1.608522415161132812e+01 -1.578823184967041016e+01
-1.533886814117431641e+01 3.021066188812255859e+00 -1.010790348052978516e+01 3.021066188812255859e+00 1.667916107177734375e+01 9.757931709289550781e+00 -1.010790348052978516e+01 9.757931709289550781e+00 7.717190742492675781e+00
9.108218193054199219e+00 7.690797805786132812e+00 5.006414890289306641e+00 7.690797805786132812e+00 -7.245664119720458984e+00 -9.848866462707519531e+00 5.006414890289306641e+00 -9.848866462707519531e+00 -2.376618385314941406e-01
-1.628617286682128906e+01 -4.983794689178466797e+00 -2.888932704925537109e+00 -4.983794689178466797e+00 -2.282842826843261719e+01 2.035577392578125000e+01 -2.888932704925537109e+00 2.035577392578125000e+01 -4.107331466674804688e+01
-2.730272293090820312e+01 6.524288654327392578e+00 -2.971662521362304688e+00 6.524288654327392578e+00 -1.177917194366455078e+01 1.926525473594665527e+00 -2.971662521362304688e+00 1.926525473594665527e+00 -6.464641571044921875e+00
-2.547860336303710938e+01 9.364829957485198975e-02 -2.917002916336059570e+00 9.364829957485198975e-02 -4.781919479370117188e+00 -2.981536626815795898e+00 -2.917002916336059570e+00 -2.981536626815795898e+00 -6.671395301818847656e+00
-1.240189838409423828e+01 -2.551156044006347656e+00 1.039755249023437500e+01 -2.551156044006347656e+00 -4.451487541198730469e+00 1.224594402313232422e+01 1.039755249023437500e+01 1.224594402313232422e+01 -4.067580401897430420e-01
-6.299387454986572266e+00 -1.211290645599365234e+01 1.461119270324707031e+01 -1.211290645599365234e+01 -2.631637191772460938e+01 -2.977466106414794922e+00 1.461119270324707031e+01 -2.977466106414794922e+00 -1.041036796569824219e+01
2.821002483367919922e+00 4.827192783355712891e+00 -9.055974960327148438e+00 4.827192783355712891e+00 -2.543623447418212891e+00 3.238387823104858398e+00 -9.055974960327148438e+00 3.238387823104858398e+00 -2.327947616577148438e+01
5.275183916091918945e-01 7.431117296218872070e-01 1.282567119598388672e+01 7.431117296218872070e-01 -1.979506492614746094e+01 6.579362392425537109e+00 1.282567119598388672e+01 6.579362392425537109e+00 2.883735656738281250e+00
-1.410310077667236328e+01 -2.045057773590087891e+00 3.530953168869018555e+00 -2.045057773590087891e+00 -6.003836154937744141e+00 5.845194458961486816e-01 3.530953168869018555e+00 5.845194458961486816e-01 -1.251960945129394531e+01
-9.951223373413085938e+00 -2.280988216400146484e+00 4.706175804138183594e+00 -2.280988216400146484e+00 -1.343774795532226562e+01 -4.231725692749023438e+00 4.706175804138183594e+00 -4.231725692749023438e+00 -4.236937522888183594e+00
-1.971749114990234375e+01 -6.929473280906677246e-01 -1.097224473953247070e+00 -6.929473280906677246e-01 -9.771177291870117188e+00 -1.427744579315185547e+01 -1.097224473953247070e+00 -1.427744579315185547e+01 -1.531826114654541016e+01
1.184323596954345703e+01 5.651770591735839844e+00 -1.317293167114257812e+01 5.651770591735839844e+00 -1.821264648437500000e+01 -5.691631793975830078e+00 -1.317293167114257812e+01 -5.691631793975830078e+00 -2.075620460510253906e+01
1.754523277282714844e+01 2.108415794372558594e+01 -1.028612852096557617e+00 2.108415794372558594e+01 -1.434030652046203613e+00 -8.649078607559204102e-01 -1.028612852096557617e+00 -8.649078607559204102e-01 9.250886917114257812e+00
-1.194716453552246094e+01 1.233213305473327637e+00 -2.396959304809570312e+00 1.233213305473327637e+00 -2.286086463928222656e+01 7.863435149192810059e-01 -2.396959304809570312e+00 7.863435149192810059e-01 -2.005505943298339844e+01
7.381140708923339844e+00 2.909717321395874023e+00 -1.075176429748535156e+01 2.909717321395874023e+00 -2.681717872619628906e+01 -5.740766525268554688e+00 -1.075176429748535156e+01 -5.740766525268554688e+00 -5.602947235107421875e+00
-1.192854022979736328e+01 1.372441768646240234e+00 -2.902333021163940430e+00 1.372441768646240234e+00 -1.228594684600830078e+01 1.345828437805175781e+01 -2.902333021163940430e+00 1.345828437805175781e+01 9.681621551513671875e+00
2.570026218891143799e-01 -9.195150375366210938e+00 -6.784249782562255859e+00 -9.195150375366210938e+00 -6.021532535552978516e+00 2.312438011169433594e+01 -6.784249782562255859e+00 2.312438011169433594e+01 -3.045126199722290039e+00
-1.057636070251464844e+01 -8.425866127014160156e+00 -2.747935056686401367e+00 -8.425866127014160156e+00 1.111291313171386719e+01 -5.993931293487548828e-01 -2.747935056686401367e+00 -5.993931293487548828e-01 -1.166248226165771484e+01
2.728511333465576172e+00 2.599420785903930664e+00 -8.575418472290039062e+00 2.599420785903930664e+00 -1.505757045745849609e+01 -9.845208168029785156e+00 -8.575418472290039062e+00 -9.845208168029785156e+00 -3.974175214767456055e+00
1.454133987426757812e+01 5.238298892974853516e+00 9.517260551452636719e+00 5.238298892974853516e+00 1.319061279296875000e+01 1.540894317626953125e+01 9.517260551452636719e+00 1.540894317626953125e+01 6.069838523864746094e+00
-2.582519149780273438e+01 -8.425693511962890625e+00 8.364095687866210938e+00 -8.425693511962890625e+00 2.380878448486328125e+01 -3.387203693389892578e+00 8.364095687866210938e+00 -3.387203693389892578e+00 1.492390918731689453e+01
-8.004208803176879883e-01 6.358595848083496094e+00 -9.826169013977050781e+00 6.358595848083496094e+00 -1.569970035552978516e+01 2.638808727264404297e+00 -9.826169013977050781e+00 2.638808727264404297e+00 -1.551174163818359375e+01
2.348913908004760742e+00 1.633268833160400391e+00 -3.085915327072143555e+00 1.633268833160400391e+00 -2.656658363342285156e+01 -2.702761650085449219e+00 -3.085915327072143555e+00 -2.702761650085449219e+00 -6.029183387756347656e+00
-2.339156913757324219e+01 1.422152805328369141e+01 -3.819123744964599609e+00 1.422152805328369141e+01 -2.377247428894042969e+01 -1.652220535278320312e+01 -3.819123744964599609e+00 -1.652220535278320312e+01 -3.206003570556640625e+01
-1.040584754943847656e+01 2.790585041046142578e+00 -2.260563969612121582e-01 2.790585041046142578e+00 -3.097365188598632812e+01 6.697055816650390625e+00 -2.260563969612121582e-01 6.697055816650390625e+00 -6.662597656250000000e-01
9.578109741210937500e+00 -4.026131153106689453e+00 1.566443538665771484e+01 -4.026131153106689453e+00 1.072127699851989746e+00 -2.510589361190795898e+00 1.566443538665771484e+01 -2.510589361190795898e+00 -1.347446250915527344e+01
-1.895372009277343750e+01 -1.299703598022460938e+01 1.559258174896240234e+01 -1.299703598022460938e+01 -2.476004409790039062e+01 5.193690299987792969e+00 1.559258174896240234e+01 5.193690299987792969e+00 -2.834705352783203125e+01
1.487780094146728516e+01 -3.623258113861083984e+00 -5.542297840118408203e+00 -3.623258113861083984e+00 1.995568084716796875e+01 -2.693274497985839844e+00 -5.542297840118408203e+00 -2.693274497985839844e+00 -5.255446434020996094e+00
9.486300468444824219e+00 -6.218554019927978516e+00 1.421325206756591797e+01 -6.218554019927978516e+00 -9.311811447143554688e+00 1.453565899282693863e-02 1.421325206756591797e+01 1.453565899282693863e-02 -1.109463500976562500e+01
3.370317697525024414e+00 -1.833278465270996094e+01 7.588105201721191406e+00 -1.833278465270996094e+01 5.128795146942138672e+00 -2.027338981628417969e+00 7.588105201721191406e+00 -2.027338981628417969e+00 1.152935981750488281e+00
-1.484352707862854004e+00 7.708060741424560547e+00 2.593724822998046875e+01 7.708060741424560547e+00 -9.871496260166168213e-02 1.313326072692871094e+01 2.593724822998046875e+01 1.313326072692871094e+01 -2.212115669250488281e+01
-1.165946578979492188e+01 -4.731855392456054688e+00 3.127448081970214844e+00 -4.731855392456054688e+00 -1.090706443786621094e+01 9.104128837585449219e+00 3.127448081970214844e+00 9.104128837585449219e+00 3.950961303710937500e+01
5.770912170410156250e+00 -1.041688346862792969e+01 1.232323741912841797e+01 -1.041688346862792969e+01 2.392189741134643555e+00 1.241234588623046875e+01 1.232323741912841797e+01 1.241234588623046875e+01 2.152916526794433594e+01
-1.747083067893981934e+00 5.617820739746093750e+00 -3.959562778472900391e-01 5.617820739746093750e+00 -2.042215108871459961e+00 1.277825593948364258e+00 -3.959562778472900391e-01 1.277825593948364258e+00 -1.675111651420593262e-01
-1.140811443328857422e+01 -1.888153791427612305e+00 9.606030583381652832e-01 -1.888153791427612305e+00 -3.809962081909179688e+01 -8.132580757141113281e+00 9.606030583381652832e-01 -8.132580757141113281e+00 -1.074147415161132812e+01
-4.551232337951660156e+00 2.312964677810668945e+00 -5.785894870758056641e+00 2.312964677810668945e+00 -1.464075756072998047e+01 -7.556448459625244141e+00 -5.785894870758056641e+00 -7.556448459625244141e+00 -5.482026576995849609e+00
-5.520646095275878906e+00 6.018467903137207031e+00 7.662675380706787109e-01 6.018467903137207031e+00 -1.500628948211669922e+01 1.639994239807128906e+01 7.662675380706787109e-01 1.639994239807128906e+01 -1.157481479644775391e+01
1.414137244224548340e+00 5.001365184783935547e+00 1.550764179229736328e+01 5.001365184783935547e+00 -1.754499435424804688e+01 -1.111787700653076172e+01 1.550764179229736328e+01 -1.111787700653076172e+01 -6.776443958282470703e+00
-3.274859237670898438e+01 -3.687485218048095703e+00 -1.014545822143554688e+01 -3.687485218048095703e+00 -3.803320693969726562e+01 4.999626636505126953e+00 -1.014545822143554688e+01 4.999626636505126953e+00 -9.099102973937988281e+00
-5.181678295135498047e+00 -1.131625843048095703e+01 -1.804115295410156250e+00 -1.131625843048095703e+01 -8.170444369316101074e-01 -2.175460433959960938e+01 -1.804115295410156250e+00 -2.175460433959960938e+01 4.872884750366210938e+00
4.713912487030029297e+00 -1.331042885780334473e+00 -9.917017936706542969e+00 -1.331042885780334473e+00 5.172949790954589844e+00 4.641396105289459229e-01 -9.917017936706542969e+00 4.641396105289459229e-01 2.730498790740966797e+00
-6.036267757415771484e+00 -1.602899551391601562e+01 2.676601409912109375e+01 -1.602899551391601562e+01 2.704140472412109375e+01 -2.028291463851928711e+00 2.676601409912109375e+01 -2.028291463851928711e+00 -4.900299072265625000e+00
-1.052315139770507812e+01 6.444560527801513672e+00 3.486479043960571289e+00 6.444560527801513672e+00 -2.660177803039550781e+01 -9.069732666015625000e+00 3.486479043960571289e+00 -9.069732666015625000e+00 -2.175267601013183594e+01
-1.329612284898757935e-01 -5.159777164459228516e+00 -1.662098288536071777e+00 -5.159777164459228516e+00 -1.270999813079833984e+01 -2.585046291351318359e+00 -1.662098288536071777e+00 -2.585046291351318359e+00 1.160500049591064453e+01
-1.356120014190673828e+01 1.566153240203857422e+01 1.464052081108093262e+00 1.566153240203857422e+01 -3.073320579528808594e+01 4.573599815368652344e+00 1.464052081108093262e+00 4.573599815368652344e+00 -2.545382308959960938e+01
-2.812329101562500000e+01 -7.953374385833740234e+00 -2.068808078765869141e+00 -7.953374385833740234e+00 -3.027618789672851562e+01 -6.340705156326293945e-01 -2.068808078765869141e+00 -6.340705156326293945e-01 -3.465836334228515625e+01
-1.527045536041259766e+01 -3.790022060275077820e-02 1.865507960319519043e+00 -3.790022060275077820e-02 -4.324360370635986328e+00 2.343778014183044434e-01 1.865507960319519043e+00 2.343778014183044434e-01 -1.423179435729980469e+01
1.787265396118164062e+01 1.754898643493652344e+01 1.111467933654785156e+01 1.754898643493652344e+01 -4.507622241973876953e+00 -4.396515846252441406e+00 1.111467933654785156e+01 -4.396515846252441406e+00 6.226717472076416016e+00
-1.187948417663574219e+01 1.292229890823364258e+00 4.460000991821289062e+00 1.292229890823364258e+00 -1.558643150329589844e+01 -1.170229434967041016e+01 4.460000991821289062e+00 -1.170229434967041016e+01 -2.827612304687500000e+01
-1.468901157379150391e+01 7.199194908142089844e+00 -1.290543842315673828e+01 7.199194908142089844e+00 -1.656725120544433594e+01 4.289790630340576172e+00 -1.290543842315673828e+01 4.289790630340576172e+00 -5.212259888648986816e-01
1.191131830215454102e+00 1.130586266517639160e+00 -9.436018943786621094e+00 1.130586266517639160e+00 -1.273405075073242188e+01 -1.324844551086425781e+01 -9.436018943786621094e+00 -1.324844551086425781e+01 7.670115947723388672e+00
-9.825453758239746094e+00 1.315313720703125000e+01 -1.228106212615966797e+01 1.315313720703125000e+01 -3.424630355834960938e+01 -1.726999855041503906e+01 -1.228106212615966797e+01 -1.726999855041503906e+01 -2.981865882873535156e+01
1.283045291900634766e+01 2.255423307418823242e+00 4.539939880371093750e+00 2.255423307418823242e+00 -2.049528312683105469e+01 -6.361192226409912109e+00 4.539939880371093750e+00 -6.361192226409912109e+00 -4.003376483917236328e+00
1.995036506652832031e+01 -6.936294555664062500e+00 -3.254635334014892578e+00 -6.936294555664062500e+00 -1.952539062500000000e+01 6.334221839904785156e+00 -3.254635334014892578e+00 6.334221839904785156e+00 2.131324052810668945e+00
4.021429061889648438e+01 -1.211189365386962891e+01 -2.960541486740112305e+00 -1.211189365386962891e+01 9.920751571655273438e+00 -6.919940948486328125e+00 -2.960541486740112305e+00 -6.919940948486328125e+00 1.441095256805419922e+01
8.373645782470703125e+00 -1.585321521759033203e+01 -9.594869613647460938e+00 -1.585321521759033203e+01 8.029376983642578125e+00 1.058535385131835938e+01 -9.594869613647460938e+00 1.058535385131835938e+01 1.300078868865966797e+00
-3.317773437500000000e+01 -1.290827846527099609e+01 1.069738388061523438e+01 -1.290827846527099609e+01 -2.788237190246582031e+01 1.922875022888183594e+01 1.069738388061523438e+01 1.922875022888183594e+01 -9.224569320678710938e+00
-4.248243331909179688e+00 1.633203506469726562e+01 7.028560161590576172e+00 1.633203506469726562e+01 -1.547632312774658203e+01 -1.916345119476318359e+00 7.028560161590576172e+00 -1.916345119476318359e+00 2.527751159667968750e+01
