-1.998777580261230469e+01 1.624984550476074219e+01 2.647659683227539062e+01 1.624984550476074219e+01 -9.840650939941406250e+01 9.642893791198730469e+00 2.647659683227539062e+01 9.642893791198730469e+00 -6.853008270263671875e+01
-1.299314141273498535e+00 7.352074623107910156e+00 -9.467237591743469238e-01 7.352074623107910156e+00 -2.864238548278808594e+01 1.089218235015869141e+01 -9.467237591743469238e-01 1.089218235015869141e+01 -3.025714302062988281e+01
-2.265332221984863281e+01 -1.660342597961425781e+01 2.783159255981445312e+00 -1.660342597961425781e+01 -2.279016685485839844e+01 -2.701973438262939453e+00 2.783159255981445312e+00 -2.701973438262939453e+00 -4.451536560058593750e+01
-1.024424648284912109e+01 5.900835514068603516e+00 2.641696453094482422e+00 5.900835514068603516e+00 -5.727780818939208984e+00 -6.379049777984619141e+00 2.641696453094482422e+00 -6.379049777984619141e+00 -3.879539871215820312e+01
-1.412095069885253906e+01 -1.358639526367187500e+01 1.881866836547851562e+01 -1.358639526367187500e+01 -9.749072074890136719e+00 -2.378605842590332031e+00 1.881866836547851562e+01 -2.378605842590332031e+00 -1.836033821105957031e+01
-1.998776435852050781e+01 1.624983978271484375e+01 2.647660636901855469e+01 1.624983978271484375e+01 -9.840652465820312500e+01 9.642892837524414062e+00 2.647660636901855469e+01 9.642892837524414062e+00 -6.853008270263671875e+01
-4.886143112182617188e+01 2.488371610641479492e+00 5.947037041187286377e-02 2.488371610641479492e+00 -5.942232894897460938e+01 1.427524447441101074e+00 5.947037041187286377e-02 1.427524447441101074e+00 -5.173284912109375000e+01
-2.984505844116210938e+01 1.734747505187988281e+01 -1.664957165718078613e+00 1.734747505187988281e+01 -2.433905410766601562e+01 7.045666217803955078e+00 -1.664957165718078613e+00 7.045666217803955078e+00 1.813225364685058594e+01
-2.351591491699218750e+01 1.513238430023193359e+00 3.713406324386596680e+00 1.513238430023193359e+00 -4.793039321899414062e+00 -1.159664750099182129e+00 3.713406324386596680e+00 -1.159664750099182129e+00 -2.358481407165527344e+01
-3.505541992187500000e+01 -1.213481807708740234e+01 1.343149304389953613e+00 -1.213481807708740234e+01 -3.894232559204101562e+01 5.543494224548339844e+00 1.343149304389953613e+00 5.543494224548339844e+00 -2.950113868713378906e+01
-4.104001235961914062e+01 -1.026347732543945312e+01 -2.766084432601928711e+00 -1.026347732543945312e+01 -3.066522216796875000e+01 2.716709136962890625e+00 -2.766084432601928711e+00 2.716709136962890625e+00 -3.069799041748046875e+01
-2.432076263427734375e+01 -6.854714870452880859e+00 9.444958686828613281e+00 -6.854714870452880859e+00 -2.390951538085937500e+01 3.094305276870727539e+00 9.444958686828613281e+00 3.094305276870727539e+00 -4.024326705932617188e+01
-2.979302406311035156e+01 -1.413405418395996094e+01 1.580075454711914062e+01 -1.413405418395996094e+01 -3.483987045288085938e+01 1.050040054321289062e+01 1.580075454711914062e+01 1.050040054321289062e+01 -1.698075866699218750e+01
-1.922302246093750000e+00 6.416847229003906250e+00 -2.708626985549926758e+00 6.416847229003906250e+00 -3.485721206665039062e+01 -7.920627117156982422e+00 -2.708626985549926758e+00 -7.920627117156982422e+00 -1.349306011199951172e+01
-3.291971588134765625e+01 -6.852110862731933594e+00 -4.956037521362304688e+00 -6.852110862731933594e+00 -2.075521087646484375e+01 3.700682163238525391e+00 -4.956037521362304688e+00 3.700682163238525391e+00 -3.039768218994140625e+01
-1.998781967163085938e+01 1.624986457824707031e+01 2.647655105590820312e+01 1.624986457824707031e+01 -9.840644836425781250e+01 9.642898559570312500e+00 2.647655105590820312e+01 9.642898559570312500e+00 -6.853008270263671875e+01
-2.372911453247070312e+01 1.886357426643371582e+00 8.227390050888061523e-01 1.886357426643371582e+00 -4.668529891967773438e+01 2.449528217315673828e+00 8.227390050888061523e-01 2.449528217315673828e+00 -2.628401184082031250e+01
-1.215998172760009766e+01 -1.670840620994567871e+00 3.647421836853027344e+00 -1.670840620994567871e+00 -2.398014450073242188e+01 1.416451454162597656e+01 3.647421836853027344e+00 1.416451454162597656e+01 -3.541125869750976562e+01
-2.269744491577148438e+01 4.328349113464355469e+00 -3.118453025817871094e+00 4.328349113464355469e+00 -2.451097679138183594e+01 9.585683822631835938e+00 -3.118453025817871094e+00 9.585683822631835938e+00 -1.955553436279296875e+01
-3.268317413330078125e+01 3.723607778549194336e+00 1.144621658325195312e+01 3.723607778549194336e+00 -4.440053558349609375e+01 -6.938717842102050781e+00 1.144621658325195312e+01 -6.938717842102050781e+00 -7.944289684295654297e+00
-2.459605789184570312e+01 1.015624427795410156e+01 -6.500782012939453125e+00 1.015624427795410156e+01 -1.905055999755859375e+01 4.300280570983886719e+00 -6.500782012939453125e+00 4.300280570983886719e+00 -4.273688125610351562e+01
-3.457550430297851562e+01 2.361677169799804688e+00 -9.138430595397949219e+00 2.361677169799804688e+00 -4.226349258422851562e+01 5.809356689453125000e+00 -9.138430595397949219e+00 5.809356689453125000e+00 -1.909921264648437500e+01
-2.734274148941040039e+00 3.661348521709442139e-01 1.556351661682128906e+01 3.661348521709442139e-01 -2.366028785705566406e+01 -1.149930477142333984e+01 1.556351661682128906e+01 -1.149930477142333984e+01 -1.246023845672607422e+01
-2.866146278381347656e+01 -9.333680152893066406e+00 -6.282553195953369141e+00 -9.333680152893066406e+00 -2.461219787597656250e+01 3.145159780979156494e-01 -6.282553195953369141e+00 3.145159780979156494e-01 -3.321765422821044922e+00
-2.300332069396972656e+01 -3.283526182174682617e+00 1.264128589630126953e+01 -3.283526182174682617e+00 -3.189985847473144531e+01 2.928298413753509521e-01 1.264128589630126953e+01 2.928298413753509521e-01 -4.962908172607421875e+01
-1.998777770996093750e+01 1.624984550476074219e+01 2.647659301757812500e+01 1.624984550476074219e+01 -9.840650939941406250e+01 9.642893791198730469e+00 2.647659301757812500e+01 9.642893791198730469e+00 -6.853008270263671875e+01
-8.176861572265625000e+01 -6.117748737335205078e+00 1.189581012725830078e+01 -6.117748737335205078e+00 -6.785977172851562500e+01 -5.512901306152343750e+00 1.189581012725830078e+01 -5.512901306152343750e+00 -2.998366737365722656e+01
-5.114759922027587891e+00 -8.272068977355957031e+00 -2.334181976318359375e+01 -8.272068977355957031e+00 -3.567826080322265625e+01 7.448092937469482422e+00 -2.334181976318359375e+01 7.448092937469482422e+00 -4.323135757446289062e+01
-4.383513927459716797e+00 2.356804847717285156e+01 3.917284011840820312e+00 2.356804847717285156e+01 -1.054398417472839355e+00 8.939409255981445312e+00 3.917284011840820312e+00 8.939409255981445312e+00 -1.025912952423095703e+01
-2.411049652099609375e+01 -5.579597949981689453e+00 -3.030395269393920898e+00 -5.579597949981689453e+00 -8.631689071655273438e+00 -1.264610481262207031e+01 -3.030395269393920898e+00 -1.264610481262207031e+01 -3.778166580200195312e+01
-1.073237323760986328e+01 1.284122371673583984e+01 -1.581601238250732422e+01 1.284122371673583984e+01 1.402620315551757812e+00 1.173732429742813110e-01 -1.581601238250732422e+01 1.173732429742813110e-01 -3.410448837280273438e+01
-3.742397308349609375e+01 1.300544834136962891e+01 1.309703826904296875e+01 1.300544834136962891e+01 -3.421208190917968750e+01 -3.525291681289672852e+00 1.309703826904296875e+01 -3.525291681289672852e+00 -3.648798751831054688e+01
-4.130183410644531250e+01 -1.099290943145751953e+01 -1.677414131164550781e+01 -1.099290943145751953e+01 6.006144881248474121e-01 -9.016678333282470703e-01 -1.677414131164550781e+01 -9.016678333282470703e-01 -3.851706695556640625e+01
-2.979810333251953125e+01 -1.828545212745666504e+00 7.154572486877441406e+00 -1.828545212745666504e+00 -4.406771850585937500e+01 3.530416727066040039e+00 7.154572486877441406e+00 3.530416727066040039e+00 -1.454615688323974609e+01
-3.550870895385742188e+01 8.781548500061035156e+00 -1.558358192443847656e+01 8.781548500061035156e+00 -3.081876373291015625e+01 -5.283042907714843750e+00 -1.558358192443847656e+01 -5.283042907714843750e+00 -4.964524841308593750e+01
-1.771636962890625000e+01 6.154253005981445312e+00 8.566851615905761719e+00 6.154253005981445312e+00 -3.518059539794921875e+01 9.214369773864746094e+00 8.566851615905761719e+00 9.214369773864746094e+00 -2.820144844055175781e+01
-1.943836402893066406e+01 5.570483684539794922e+00 2.294982433319091797e+00 5.570483684539794922e+00 -5.059455490112304688e+01 -6.630491733551025391e+00 2.294982433319091797e+00 -6.630491733551025391e+00 -2.566411209106445312e+01
-1.998779106140136719e+01 1.624985313415527344e+01 2.647657775878906250e+01 1.624985313415527344e+01 -9.840648651123046875e+01 9.642895698547363281e+00 2.647657775878906250e+01 9.642895698547363281e+00 -6.853008270263671875e+01
-2.064841651916503906e+01 -2.152851581573486328e+00 3.135628223419189453e+00 -2.152851581573486328e+00 -4.342243957519531250e+01 -8.090347290039062500e+00 3.135628223419189453e+00 -8.090347290039062500e+00 -4.027561950683593750e+01
-5.736141204833984375e+01 -1.299928474426269531e+01 -3.593115508556365967e-01 -1.299928474426269531e+01 -5.815461349487304688e+01 -8.032460212707519531e+00 -3.593115508556365967e-01 -8.032460212707519531e+00 -7.015802001953125000e+01
-3.417607069015502930e+00 3.670833587646484375e+00 9.861144065856933594e+00 3.670833587646484375e+00 -4.083436965942382812e+01 -1.900797843933105469e+01 9.861144065856933594e+00 -1.900797843933105469e+01 -2.419562530517578125e+01
-1.344303131103515625e+01 5.353080749511718750e+00 8.445163726806640625e+00 5.353080749511718750e+00 -4.742202377319335938e+01 1.447695446014404297e+01 8.445163726806640625e+00 1.447695446014404297e+01 -2.109231567382812500e+01
-1.927984237670898438e+01 -5.269958972930908203e+00 2.388310670852661133e+00 -5.269958972930908203e+00 -5.017163085937500000e+01 3.218542098999023438e+00 2.388310670852661133e+00 3.218542098999023438e+00 -4.561590194702148438e+01
-4.091341781616210938e+01 1.004434490203857422e+01 -3.374479532241821289e+00 1.004434490203857422e+01 -2.900700378417968750e+01 -2.235631561279296875e+01 -3.374479532241821289e+00 -2.235631561279296875e+01 -3.102029609680175781e+01
-2.765872192382812500e+01 -2.079107666015625000e+01 5.581436634063720703e+00 -2.079107666015625000e+01 -3.919626617431640625e+01 1.050267457962036133e+00 5.581436634063720703e+00 1.050267457962036133e+00 -6.112645721435546875e+01
-4.654519653320312500e+01 1.140078306198120117e+00 1.153974914550781250e+01 1.140078306198120117e+00 -4.528234481811523438e+01 9.299285888671875000e+00 1.153974914550781250e+01 9.299285888671875000e+00 -4.593388748168945312e+01
-4.559274291992187500e+01 -8.551044464111328125e+00 1.267414283752441406e+01 -8.551044464111328125e+00 -2.685323524475097656e+01 -1.616755294799804688e+01 1.267414283752441406e+01 -1.616755294799804688e+01 -3.968527984619140625e+01
-4.489629745483398438e+01 3.335889101028442383e+00 -1.314871501922607422e+01 3.335889101028442383e+00 -1.359275245666503906e+01 -9.809485077857971191e-01 -1.314871501922607422e+01 -9.809485077857971191e-01 -6.144358825683593750e+01
-1.823818397521972656e+01 3.210558319091796875e+01 7.160102367401123047e+00 3.210558319091796875e+01 -5.263707733154296875e+01 -1.865721893310546875e+01 7.160102367401123047e+00 -1.865721893310546875e+01 1.130044102668762207e+00
-3.886852264404296875e+01 -1.283541965484619141e+01 -1.559937191009521484e+01 -1.283541965484619141e+01 -5.046001052856445312e+01 2.279731035232543945e+00 -1.559937191009521484e+01 2.279731035232543945e+00 -2.749482536315917969e+01
-4.315751266479492188e+01 1.340424251556396484e+01 1.388831615447998047e+01 1.340424251556396484e+01 -2.777275276184082031e+01 7.244862556457519531e+00 1.388831615447998047e+01 7.244862556457519531e+00 -2.780080604553222656e+01
-1.998777198791503906e+01 1.624984359741210938e+01 2.647659683227539062e+01 1.624984359741210938e+01 -9.840651702880859375e+01 9.642893791198730469e+00 2.647659683227539062e+01 9.642893791198730469e+00 -6.853008270263671875e+01
-4.009262847900390625e+01 2.853185653686523438e+01 2.133766937255859375e+01 2.853185653686523438e+01 -1.298365688323974609e+01 7.001437187194824219e+00 2.133766937255859375e+01 7.001437187194824219e+00 -5.475419616699218750e+01
-5.791240692138671875e+01 -3.471843242645263672e+00 1.460575819015502930e+00 -3.471843242645263672e+00 -5.432058334350585938e+01 1.565274429321289062e+01 1.460575819015502930e+00 1.565274429321289062e+01 -4.025848388671875000e+01
-1.732189941406250000e+01 -1.193025112152099609e+00 9.475158452987670898e-01 -1.193025112152099609e+00 -1.609865951538085938e+01 -1.612506806850433350e-01 9.475158452987670898e-01 -1.612506806850433350e-01 -2.983488273620605469e+01
-1.852560234069824219e+01 -1.268598270416259766e+01 3.192147254943847656e+00 -1.268598270416259766e+01 -2.316357374191284180e+00 -5.843581676483154297e+00 3.192147254943847656e+00 -5.843581676483154297e+00 -4.156740570068359375e+01
-6.191990661621093750e+01 1.219895553588867188e+01 -9.369575500488281250e+00 1.219895553588867188e+01 -3.842769241333007812e+01 7.769395828247070312e+00 -9.369575500488281250e+00 7.769395828247070312e+00 -2.025795555114746094e+01
-1.114437389373779297e+01 -6.698190689086914062e+00 2.222183942794799805e+00 -6.698190689086914062e+00 -2.570829963684082031e+01 1.291426897048950195e+00 2.222183942794799805e+00 1.291426897048950195e+00 5.747436523437500000e+00
1.230890154838562012e+00 1.484733486175537109e+01 1.269839286804199219e+01 1.484733486175537109e+01 -2.927279663085937500e+01 8.081276893615722656e+00 1.269839286804199219e+01 8.081276893615722656e+00 -1.408864879608154297e+01
-3.658958053588867188e+01 1.407432842254638672e+01 -1.719925498962402344e+01 1.407432842254638672e+01 -5.314399719238281250e+01 -9.437296867370605469e+00 -1.719925498962402344e+01 -9.437296867370605469e+00 -2.716245269775390625e+01
-3.897467422485351562e+01 -1.607133865356445312e+01 2.670909690856933594e+01 -1.607133865356445312e+01 -5.886755371093750000e+01 -2.145762443542480469e+01 2.670909690856933594e+01 -2.145762443542480469e+01 -3.495803451538085938e+01
-2.227382850646972656e+01 1.768848419189453125e+01 2.912984848022460938e+00 1.768848419189453125e+01 -3.218972778320312500e+01 8.255479812622070312e+00 2.912984848022460938e+00 8.255479812622070312e+00 -2.982801246643066406e+01
-2.023957443237304688e+01 1.266996622085571289e+00 -5.067697525024414062e+00 1.266996622085571289e+00 -3.182863473892211914e+00 -2.296869993209838867e+00 -5.067697525024414062e+00 -2.296869993209838867e+00 -2.613667869567871094e+01
-2.633971595764160156e+01 1.840940666198730469e+01 -1.108283805847167969e+01 1.840940666198730469e+01 6.155286788940429688e+00 -2.755393028259277344e+01 -1.108283805847167969e+01 -2.755393028259277344e+01 -3.832897949218750000e+01
-5.851396179199218750e+01 7.383457660675048828e+00 6.155968666076660156e+00 7.383457660675048828e+00 -8.329563903808593750e+01 -4.483663082122802734e+00 6.155968666076660156e+00 -4.483663082122802734e+00 -5.405305099487304688e+01
-4.320292663574218750e+01 9.027985572814941406e+00 -2.132410049438476562e+00 9.027985572814941406e+00 -2.497373771667480469e+01 7.541859149932861328e+00 -2.132410049438476562e+00 7.541859149932861328e+00 -7.093032073974609375e+01
-3.421271133422851562e+01 -1.353079032897949219e+01 -9.144980430603027344e+00 -1.353079032897949219e+01 -3.747725296020507812e+01 8.280655860900878906e+00 -9.144980430603027344e+00 8.280655860900878906e+00 -1.722056388854980469e+01
-2.908314323425292969e+01 7.514081954956054688e+00 -1.707735896110534668e+00 7.514081954956054688e+00 -2.200788879394531250e+01 -1.490303230285644531e+01 -1.707735896110534668e+00 -1.490303230285644531e+01 -4.202355575561523438e+01
-1.418031215667724609e+01 -1.584210491180419922e+01 2.327672767639160156e+01 -1.584210491180419922e+01 -4.386051559448242188e+01 -7.852689266204833984e+00 2.327672767639160156e+01 -7.852689266204833984e+00 -1.720344543457031250e+01
-2.410132980346679688e+01 -4.803799629211425781e+00 2.481582164764404297e+00 -4.803799629211425781e+00 -3.447041702270507812e+01 1.432233428955078125e+01 2.481582164764404297e+00 1.432233428955078125e+01 -3.818742752075195312e+01
-6.063986968994140625e+01 -3.999400711059570312e+01 2.780827760696411133e+00 -3.999400711059570312e+01 4.803991317749023438e+00 -5.988568782806396484e+00 2.780827760696411133e+00 -5.988568782806396484e+00 -5.274470138549804688e+01
-1.132525730133056641e+01 -6.682620048522949219e+00 2.090111923217773438e+01 -6.682620048522949219e+00 -2.615657615661621094e+01 -7.774095058441162109e+00 2.090111923217773438e+01 -7.774095058441162109e+00 -4.042536544799804688e+01
6.066423416137695312e+00 2.689867019653320312e+01 -9.195275306701660156e-01 2.689867019653320312e+01 -6.643096923828125000e+01 2.402914047241210938e+01 -9.195275306701660156e-01 2.402914047241210938e+01 -9.893498992919921875e+01
-4.196277236938476562e+01 -2.321582031250000000e+01 5.322199344635009766e+00 -2.321582031250000000e+01 -3.599435424804687500e+01 -4.637649059295654297e+00 5.322199344635009766e+00 -4.637649059295654297e+00 -4.242065811157226562e+01
-3.260531234741210938e+01 -1.349208259582519531e+01 9.271508216857910156e+00 -1.349208259582519531e+01 -6.612142944335937500e+01 1.289157748222351074e+00 9.271508216857910156e+00 1.289157748222351074e+00 -6.336359786987304688e+01
-3.653535079956054688e+01 -9.129932403564453125e+00 8.041260719299316406e+00 -9.129932403564453125e+00 -5.939144515991210938e+01 -1.606837081909179688e+01 8.041260719299316406e+00 -1.606837081909179688e+01 -4.825900650024414062e+01
-3.481642007827758789e+00 -1.055643558502197266e+00 6.603675842285156250e+00 -1.055643558502197266e+00 -8.272897720336914062e+00 1.205330562591552734e+01 6.603675842285156250e+00 1.205330562591552734e+01 -2.034037208557128906e+01
-3.799702835083007812e+01 3.464150667190551758e+00 -4.528499603271484375e+00 3.464150667190551758e+00 -4.171726608276367188e+01 -7.874434471130371094e+00 -4.528499603271484375e+00 -7.874434471130371094e+00 -2.045451736450195312e+01
6.066423416137695312e+00 2.689867019653320312e+01 -9.195275306701660156e-01 2.689867019653320312e+01 -6.643096923828125000e+01 2.402914047241210938e+01 -9.195275306701660156e-01 2.402914047241210938e+01 -9.893498992919921875e+01
-7.508588790893554688e+00 -8.220136642456054688e+00 5.155970573425292969e+00 -8.220136642456054688e+00 -2.070088386535644531e+01 -1.144850349426269531e+01 5.155970573425292969e+00 -1.144850349426269531e+01 -1.540510749816894531e+01
-1.016989994049072266e+01 6.229383468627929688e+00 -2.486927509307861328e+00 6.229383468627929688e+00 -2.981594657897949219e+01 -2.102152633666992188e+01 -2.486927509307861328e+00 -2.102152633666992188e+01 -4.620179748535156250e+01
1.174569511413574219e+01 -1.381615638732910156e+01 5.462840080261230469e+00 -1.381615638732910156e+01 1.142272472381591797e+01 -4.113168716430664062e+00 5.462840080261230469e+00 -4.113168716430664062e+00 -5.179574489593505859e+00
-1.828508377075195312e+01 1.164181232452392578e+01 2.377014636993408203e+00 1.164181232452392578e+01 -5.430863189697265625e+01 7.072926521301269531e+00 2.377014636993408203e+00 7.072926521301269531e+00 -3.776219177246093750e+01
6.066423416137695312e+00 2.689867019653320312e+01 -9.195275306701660156e-01 2.689867019653320312e+01 -6.643096923828125000e+01 2.402914047241210938e+01 -9.195275306701660156e-01 2.402914047241210938e+01 -9.893498992919921875e+01
-8.515690803527832031e+00 -5.794970035552978516e+00 -8.202847480773925781e+00 -5.794970035552978516e+00 -3.674999618530273438e+01 4.250601291656494141e+00 -8.202847480773925781e+00 4.250601291656494141e+00 -4.734605789184570312e+01
-5.400120162963867188e+01 -3.889988183975219727e+00 -2.543956041336059570e+00 -3.889988183975219727e+00 -3.763582992553710938e+01 7.121917724609375000e+00 -2.543956041336059570e+00 7.121917724609375000e+00 -5.593844604492187500e+01
-3.561842346191406250e+01 1.498800158500671387e+00 -1.937125968933105469e+01 1.498800158500671387e+00 -2.950408554077148438e+01 1.866919326782226562e+01 -1.937125968933105469e+01 1.866919326782226562e+01 -4.809212875366210938e+01
-3.884193038940429688e+01 1.544829273223876953e+01 1.259917926788330078e+01 1.544829273223876953e+01 -3.769918823242187500e+01 -1.328045272827148438e+01 1.259917926788330078e+01 -1.328045272827148438e+01 -6.006507492065429688e+01
-3.366251754760742188e+01 1.017487907409667969e+01 1.787803173065185547e+00 1.017487907409667969e+01 -1.785351157188415527e+00 8.992968559265136719e+00 1.787803173065185547e+00 8.992968559265136719e+00 -1.226030445098876953e+01
-3.803367996215820312e+01 -1.098776102066040039e+00 -8.669922828674316406e+00 -1.098776102066040039e+00 -3.201073455810546875e+01 1.013965845108032227e+00 -8.669922828674316406e+00 1.013965845108032227e+00 -5.851953506469726562e+01
-4.366845321655273438e+01 -1.105162143707275391e+01 -8.377041816711425781e+00 -1.105162143707275391e+01 -1.278487014770507812e+01 4.576623439788818359e+00 -8.377041816711425781e+00 4.576623439788818359e+00 -3.171949386596679688e+01
-4.728372573852539062e+01 5.771983146667480469e+00 5.376863002777099609e+00 5.771983146667480469e+00 -3.861246871948242188e+01 1.636927223205566406e+01 5.376863002777099609e+00 1.636927223205566406e+01 -6.257897186279296875e+01
-4.189590835571289062e+01 1.422132205963134766e+01 -1.151736640930175781e+01 1.422132205963134766e+01 -4.245742416381835938e+01 -5.571991443634033203e+00 -1.151736640930175781e+01 -5.571991443634033203e+00 -3.058918952941894531e+01
-3.158356285095214844e+01 -4.218275547027587891e+00 9.491331130266189575e-02 -4.218275547027587891e+00 -1.435517978668212891e+01 5.590430736541748047e+00 9.491331130266189575e-02 5.590430736541748047e+00 -1.998527717590332031e+01
6.066423416137695312e+00 2.689867019653320312e+01 -9.195275306701660156e-01 2.689867019653320312e+01 -6.643096923828125000e+01 2.402914047241210938e+01 -9.195275306701660156e-01 2.402914047241210938e+01 -9.893498992919921875e+01
-4.127024078369140625e+01 -1.075723648071289062e+01 3.125257968902587891e+00 -1.075723648071289062e+01 -4.524871444702148438e+01 -7.789499759674072266e+00 3.125257968902587891e+00 -7.789499759674072266e+00 -2.537051773071289062e+01
-2.849613952636718750e+01 4.549289703369140625e+00 1.654303932189941406e+01 4.549289703369140625e+00 -2.032823562622070312e+01 1.208560228347778320e+00 1.654303932189941406e+01 1.208560228347778320e+00 -5.018746566772460938e+01
-1.492272377014160156e+01 -4.742850303649902344e+00 -1.710054206848144531e+01 -4.742850303649902344e+00 -2.122995376586914062e+01 6.830281734466552734e+00 -1.710054206848144531e+01 6.830281734466552734e+00 -2.445086860656738281e+01
-3.975664138793945312e+01 4.703441143035888672e+00 2.912673726677894592e-02 4.703441143035888672e+00 -2.433242988586425781e+01 -1.916643142700195312e+01 2.912673726677894592e-02 -1.916643142700195312e+01 -6.478772163391113281e+00
-3.261508178710937500e+01 1.395244789123535156e+01 5.632998943328857422e+00 1.395244789123535156e+01 -4.336651229858398438e+01 -7.724913597106933594e+00 5.632998943328857422e+00 -7.724913597106933594e+00 -7.893648529052734375e+01
-4.827082443237304688e+01 3.988826751708984375e+00 1.947323036193847656e+01 3.988826751708984375e+00 -4.332592391967773438e+01 1.451344776153564453e+01 1.947323036193847656e+01 1.451344776153564453e+01 -2.259917449951171875e+01
-4.479122161865234375e+01 2.292127609252929688e+00 -1.004367733001708984e+01 2.292127609252929688e+00 -1.772408866882324219e+01 -3.695435285568237305e+00 -1.004367733001708984e+01 -3.695435285568237305e+00 -3.988467025756835938e+01
-2.336208724975585938e+01 -4.643455028533935547e+00 2.022627639770507812e+01 -4.643455028533935547e+00 -2.558845329284667969e+01 1.084433269500732422e+01 2.022627639770507812e+01 1.084433269500732422e+01 -3.269799804687500000e+01
-3.280109405517578125e+01 -1.413216590881347656e+00 7.000965595245361328e+00 -1.413216590881347656e+00 -3.907481002807617188e+01 4.207142829895019531e+00 7.000965595245361328e+00 4.207142829895019531e+00 -4.179832839965820312e+01
-2.003246879577636719e+01 1.687403440475463867e+00 1.389484047889709473e+00 1.687403440475463867e+00 -3.490368652343750000e+01 9.021004676818847656e+00 1.389484047889709473e+00 9.021004676818847656e+00 -1.999641799926757812e+01
-4.886032485961914062e+01 4.244384765625000000e+00 -1.496636581420898438e+01 4.244384765625000000e+00 -4.096061706542968750e+01 1.419450378417968750e+01 -1.496636581420898438e+01 1.419450378417968750e+01 -5.411185455322265625e+01
6.066423416137695312e+00 2.689867019653320312e+01 -9.195275306701660156e-01 2.689867019653320312e+01 -6.643096923828125000e+01 2.402914047241210938e+01 -9.195275306701660156e-01 2.402914047241210938e+01 -9.893498992919921875e+01
-6.004720306396484375e+01 -2.077446174621582031e+01 6.912527561187744141e+00 -2.077446174621582031e+01 -4.551008224487304688e+01 2.790574073791503906e+00 6.912527561187744141e+00 2.790574073791503906e+00 -6.353361129760742188e+01
-3.379671859741210938e+01 -9.231659770011901855e-01 -1.816483855247497559e+00 -9.231659770011901855e-01 -3.283720779418945312e+01 9.512287139892578125e+00 -1.816483855247497559e+00 9.512287139892578125e+00 -4.708915328979492188e+01
-4.997943878173828125e+01 -2.552167892456054688e+01 -2.340349960327148438e+01 -2.552167892456054688e+01 -2.653791236877441406e+01 -1.098198699951171875e+01 -2.340349960327148438e+01 -1.098198699951171875e+01 -3.573208999633789062e+01
-5.783031082153320312e+01 -1.450399589538574219e+01 -5.059937000274658203e+00 -1.450399589538574219e+01 -2.641644668579101562e+01 2.190453529357910156e+01 -5.059937000274658203e+00 2.190453529357910156e+01 -5.731083297729492188e+01
-5.893261337280273438e+01 -2.131132602691650391e+00 -1.103403759002685547e+01 -2.131132602691650391e+00 -8.303175354003906250e+01 3.561846017837524414e+00 -1.103403759002685547e+01 3.561846017837524414e+00 -6.294878768920898438e+01
-2.987137031555175781e+01 2.012660026550292969e+00 5.326426029205322266e+00 2.012660026550292969e+00 1.506053066253662109e+01 2.111912918090820312e+01 5.326426029205322266e+00 2.111912918090820312e+01 -2.070228576660156250e+01
-3.944033432006835938e+01 -1.737363243103027344e+01 -4.763581275939941406e+00 -1.737363243103027344e+01 -4.292913436889648438e+01 -6.043040275573730469e+00 -4.763581275939941406e+00 -6.043040275573730469e+00 -5.577867031097412109e+00
-3.248982238769531250e+01 5.083295822143554688e+00 1.151759505271911621e+00 5.083295822143554688e+00 -3.344481658935546875e+01 1.355867862701416016e+00 1.151759505271911621e+00 1.355867862701416016e+00 -5.917373657226562500e+01
-2.893661308288574219e+01 -4.110798358917236328e+00 2.129722595214843750e+00 -4.110798358917236328e+00 -2.769073867797851562e+01 2.016139984130859375e+01 2.129722595214843750e+00 2.016139984130859375e+01 -9.366349220275878906e+00
-1.912336158752441406e+01 -2.528777885437011719e+01 -1.128003311157226562e+01 -2.528777885437011719e+01 -1.838621902465820312e+01 -4.567290306091308594e+00 -1.128003311157226562e+01 -4.567290306091308594e+00 -1.601299285888671875e+00
-4.022620391845703125e+01 2.065768241882324219e-01 4.735844135284423828e+00 2.065768241882324219e-01 -6.158972930908203125e+01 -3.409731388092041016e+00 4.735844135284423828e+00 -3.409731388092041016e+00 -2.269302749633789062e+01
-3.921028137207031250e+01 -8.136563301086425781e+00 -6.972913444042205811e-02 -8.136563301086425781e+00 -2.706843757629394531e+01 -3.902343034744262695e+00 -6.972913444042205811e-02 -3.902343034744262695e+00 -5.022688674926757812e+01
-1.978468513488769531e+01 -1.772338104248046875e+01 -2.230785179138183594e+01 -1.772338104248046875e+01 -5.213596343994140625e+00 -9.411432147026062012e-01 -2.230785179138183594e+01 -9.411432147026062012e-01 -3.232171630859375000e+01
-5.077791213989257812e+01 1.452817535400390625e+01 -1.090426540374755859e+01 1.452817535400390625e+01 -3.662601470947265625e+01 -6.125685691833496094e+00 -1.090426540374755859e+01 -6.125685691833496094e+00 -3.188012313842773438e+01
-3.516069793701171875e+01 1.004122352600097656e+01 1.623733139038085938e+01 1.004122352600097656e+01 -1.007923984527587891e+01 3.196126461029052734e+00 1.623733139038085938e+01 3.196126461029052734e+00 -1.555446815490722656e+01
-2.236579895019531250e+01 6.479306697845458984e+00 -5.373456478118896484e+00 6.479306697845458984e+00 -5.922671508789062500e+01 -1.996006774902343750e+01 -5.373456478118896484e+00 -1.996006774902343750e+01 -3.160737609863281250e+01
-5.481745910644531250e+01 7.936490058898925781e+00 3.091049909591674805e+00 7.936490058898925781e+00 -3.553705978393554688e+01 2.589058160781860352e+00 3.091049909591674805e+00 2.589058160781860352e+00 -1.986130142211914062e+01
-3.675151443481445312e+01 7.339077949523925781e+00 9.033843994140625000e+00 7.339077949523925781e+00 -6.462961578369140625e+01 -4.054976463317871094e+00 9.033843994140625000e+00 -4.054976463317871094e+00 -2.384617805480957031e+01
-1.137635231018066406e+01 -3.286520481109619141e+00 9.442637443542480469e+00 -3.286520481109619141e+00 -3.691490173339843750e+01 -2.032076358795166016e+00 9.442637443542480469e+00 -2.032076358795166016e+00 -3.970772552490234375e+01
-5.383272933959960938e+01 2.725775718688964844e+00 -1.338371181488037109e+01 2.725775718688964844e+00 -3.690401458740234375e+01 5.270148754119873047e+00 -1.338371181488037109e+01 5.270148754119873047e+00 -6.596160888671875000e+01
6.066423416137695312e+00 2.689867019653320312e+01 -9.195275306701660156e-01 2.689867019653320312e+01 -6.643096923828125000e+01 2.402914047241210938e+01 -9.195275306701660156e-01 2.402914047241210938e+01 -9.893498992919921875e+01
-6.173978805541992188e+01 -8.608664274215698242e-01 1.056216716766357422e+01 -8.608664274215698242e-01 -5.484010314941406250e+01 7.542530536651611328e+00 1.056216716766357422e+01 7.542530536651611328e+00 -5.411850738525390625e+01
-2.858204841613769531e+01 9.016428142786026001e-02 -1.634195327758789062e+01 9.016428142786026001e-02 -3.599827957153320312e+01 4.171711444854736328e+00 -1.634195327758789062e+01 4.171711444854736328e+00 -3.271571350097656250e+01
-3.711734771728515625e+01 -1.922908401489257812e+01 -4.187401771545410156e+00 -1.922908401489257812e+01 -5.550185775756835938e+01 1.917809104919433594e+01 -4.187401771545410156e+00 1.917809104919433594e+01 -3.894852828979492188e+01
-2.057930755615234375e+01 1.710354232788085938e+01 -5.773084640502929688e+00 1.710354232788085938e+01 -1.744673728942871094e+00 -6.502703666687011719e+00 -5.773084640502929688e+00 -6.502703666687011719e+00 -1.560884857177734375e+01
-2.822439575195312500e+01 -1.341764163970947266e+01 -1.700744247436523438e+01 -1.341764163970947266e+01 -4.426706695556640625e+01 -1.537463188171386719e+01 -1.700744247436523438e+01 -1.537463188171386719e+01 -4.475040435791015625e+01
-3.512939453125000000e+01 -1.012244892120361328e+01 -5.207523345947265625e+00 -1.012244892120361328e+01 -4.154259490966796875e+01 -1.848041534423828125e+01 -5.207523345947265625e+00 -1.848041534423828125e+01 -4.973167800903320312e+01
-5.434137344360351562e+01 -6.285643577575683594e+00 6.188775062561035156e+00 -6.285643577575683594e+00 -3.542690277099609375e+01 -1.549659252166748047e+01 6.188775062561035156e+00 -1.549659252166748047e+01 -3.413151168823242188e+01
-5.192678451538085938e+00 9.064121246337890625e+00 -7.569037437438964844e+00 9.064121246337890625e+00 -3.872582626342773438e+01 6.120765954256057739e-02 -7.569037437438964844e+00 6.120765954256057739e-02 1.065136146545410156e+01
-2.901847267150878906e+01 -1.299950408935546875e+01 2.348773956298828125e+00 -1.299950408935546875e+01 -2.702822113037109375e+01 1.081364512443542480e+00 2.348773956298828125e+00 1.081364512443542480e+00 -8.039196968078613281e+00
-1.165896415710449219e+01 5.306640148162841797e+00 -9.421496391296386719e+00 5.306640148162841797e+00 -5.481087684631347656e+00 2.194361877441406250e+01 -9.421496391296386719e+00 2.194361877441406250e+01 -4.571593093872070312e+01
-6.207468795776367188e+01 9.174656867980957031e+00 -2.501680946350097656e+01 9.174656867980957031e+00 -4.965299987792968750e+01 -1.023750877380371094e+01 -2.501680946350097656e+01 -1.023750877380371094e+01 -4.896048736572265625e+01
-5.788772964477539062e+01 -1.612529182434082031e+01 7.763471603393554688e+00 -1.612529182434082031e+01 -1.571142768859863281e+01 -2.007282972335815430e+00 7.763471603393554688e+00 -2.007282972335815430e+00 -2.449965858459472656e+01
-5.167792129516601562e+01 1.231733798980712891e+01 -4.561176300048828125e+00 1.231733798980712891e+01 -1.673564529418945312e+01 1.046246886253356934e+00 -4.561176300048828125e+00 1.046246886253356934e+00 -1.038385105133056641e+01
-6.049217987060546875e+01 -1.090454578399658203e+01 -4.176569461822509766e+00 -1.090454578399658203e+01 -3.221726989746093750e+01 -6.037764072418212891e+00 -4.176569461822509766e+00 -6.037764072418212891e+00 -3.840403747558593750e+01
-2.840143394470214844e+01 -1.049260139465332031e+01 2.952172517776489258e+00 -1.049260139465332031e+01 1.025795173645019531e+01 2.039442300796508789e+00 2.952172517776489258e+00 2.039442300796508789e+00 -1.632324790954589844e+01
-3.128213500976562500e+01 3.288187980651855469e+00 -4.468195915222167969e+00 3.288187980651855469e+00 -2.517615127563476562e+01 -7.733080387115478516e+00 -4.468195915222167969e+00 -7.733080387115478516e+00 -3.368281936645507812e+01
-4.881488800048828125e+01 -2.245220184326171875e+00 1.525177359580993652e+00 -2.245220184326171875e+00 -3.188777542114257812e+01 6.133854389190673828e+00 1.525177359580993652e+00 6.133854389190673828e+00 -6.762355804443359375e+01
-2.801506996154785156e+01 -4.009054660797119141e+00 1.036366939544677734e+01 -4.009054660797119141e+00 -3.003361701965332031e+01 -1.193898582458496094e+01 1.036366939544677734e+01 -1.193898582458496094e+01 -7.129489898681640625e+00
-3.494298934936523438e+01 -8.089583396911621094e+00 2.686983299255371094e+01 -8.089583396911621094e+00 -3.318930435180664062e+01 -2.573645591735839844e+00 2.686983299255371094e+01 -2.573645591735839844e+00 -2.424387359619140625e+01
-5.049503707885742188e+01 1.199545288085937500e+01 3.507508516311645508e+00 1.199545288085937500e+01 -2.019469833374023438e+01 1.334443449974060059e+00 3.507508516311645508e+00 1.334443449974060059e+00 -3.843610382080078125e+01
-4.459296417236328125e+01 -1.064074516296386719e+01 -7.583489894866943359e+00 -1.064074516296386719e+01 -3.319527816772460938e+01 8.333909034729003906e+00 -7.583489894866943359e+00 8.333909034729003906e+00 -2.769401359558105469e+01
-1.664516830444335938e+01 1.366955184936523438e+01 -8.398795127868652344e+00 1.366955184936523438e+01 -2.237527084350585938e+01 1.669153785705566406e+01 -8.398795127868652344e+00 1.669153785705566406e+01 -1.128183460235595703e+01
-4.982736206054687500e+01 -1.425503158569335938e+01 6.835171699523925781e+00 -1.425503158569335938e+01 -3.102499198913574219e+01 5.905832290649414062e+00 6.835171699523925781e+00 5.905832290649414062e+00 -4.277684783935546875e+01
-4.895206451416015625e+01 -1.178652858734130859e+01 -1.577045679092407227e+00 -1.178652858734130859e+01 -6.597837829589843750e+01 7.576616764068603516e+00 -1.577045679092407227e+00 7.576616764068603516e+00 -5.186988830566406250e+01
-4.031342315673828125e+01 -1.560209465026855469e+01 -1.829724693298339844e+01 -1.560209465026855469e+01 -5.182829666137695312e+01 -1.359249305725097656e+01 -1.829724693298339844e+01 -1.359249305725097656e+01 -1.953602600097656250e+01
-1.803448295593261719e+01 -2.148310279846191406e+01 -1.106601879000663757e-01 -2.148310279846191406e+01 -1.985237884521484375e+01 4.409818649291992188e+00 -1.106601879000663757e-01 4.409818649291992188e+00 -5.270263290405273438e+01
-2.806957054138183594e+01 4.246965408325195312e+00 3.671577453613281250e+00 4.246965408325195312e+00 -3.598605346679687500e+01 8.096062660217285156e+00 3.671577453613281250e+00 8.096062660217285156e+00 1.564431762695312500e+01
-1.852257728576660156e+01 2.209310531616210938e+00 -1.626796913146972656e+01 2.209310531616210938e+00 -4.255241012573242188e+01 1.395504188537597656e+01 -1.626796913146972656e+01 1.395504188537597656e+01 -5.064442825317382812e+01
-4.138457870483398438e+01 6.283207893371582031e+00 1.724609375000000000e+01 6.283207893371582031e+00 -5.144098663330078125e+01 4.122786521911621094e+00 1.724609375000000000e+01 4.122786521911621094e+00 -4.582652282714843750e+01
-7.342951965332031250e+01 -3.114305257797241211e+00 1.979623413085937500e+01 -3.114305257797241211e+00 -2.100100326538085938e+01 1.768448448181152344e+01 1.979623413085937500e+01 1.768448448181152344e+01 -8.280251026153564453e-01
1.066782665252685547e+01 -2.147884178161621094e+01 -6.470397472381591797e+00 -2.147884178161621094e+01 6.905100345611572266e+00 -7.070767283439636230e-01 -6.470397472381591797e+00 -7.070767283439636230e-01 -2.628791236877441406e+01
-4.323631286621093750e+01 1.521067738533020020e+00 5.558914661407470703e+00 1.521067738533020020e+00 -2.105028152465820312e+01 1.273156070709228516e+01 5.558914661407470703e+00 1.273156070709228516e+01 -1.099183177947998047e+01
-4.594043731689453125e+01 6.913329124450683594e+00 -2.349692583084106445e+00 6.913329124450683594e+00 -2.159258460998535156e+01 9.305351257324218750e+00 -2.349692583084106445e+00 9.305351257324218750e+00 -1.507774066925048828e+01
-5.729940032958984375e+01 -5.800771713256835938e+00 -2.477051496505737305e+00 -5.800771713256835938e+00 -4.784135818481445312e+01 -1.109108924865722656e+01 -2.477051496505737305e+00 -1.109108924865722656e+01 -4.191352462768554688e+01
-1.933927536010742188e+01 2.398792743682861328e+00 1.571219086647033691e+00 2.398792743682861328e+00 -4.330150604248046875e+01 -1.653965950012207031e+01 1.571219086647033691e+00 -1.653965950012207031e+01 -1.702621841430664062e+01
8.831645965576171875e+01 -1.057905673980712891e+01 -2.039857387542724609e+00 -1.057905673980712891e+01 7.082201385498046875e+01 -1.599262142181396484e+01 -2.039857387542724609e+00 -1.599262142181396484e+01 9.989770507812500000e+01
1.102599525451660156e+01 6.220780849456787109e+00 -2.846758604049682617e+00 6.220780849456787109e+00 1.311380481719970703e+01 1.034796047210693359e+01 -2.846758604049682617e+00 1.034796047210693359e+01 2.159423351287841797e+00
-2.617793464660644531e+01 4.334235191345214844e+00 1.017394351959228516e+01 4.334235191345214844e+00 -1.094355297088623047e+01 5.640843391418457031e+00 1.017394351959228516e+01 5.640843391418457031e+00 -1.896666145324707031e+01
-2.163594627380371094e+01 -1.226811408996582031e+00 2.346166133880615234e+00 -1.226811408996582031e+00 -8.467293739318847656e+00 1.055122089385986328e+01 2.346166133880615234e+00 1.055122089385986328e+01 -1.039524745941162109e+01
-3.772786331176757812e+01 -1.205217647552490234e+01 -8.159257888793945312e+00 -1.205217647552490234e+01 -5.939287185668945312e+01 5.385851383209228516e+00 -8.159257888793945312e+00 5.385851383209228516e+00 -4.197950744628906250e+01
-4.535905838012695312e+01 -9.267338752746582031e+00 7.059823989868164062e+00 -9.267338752746582031e+00 -3.740274429321289062e+01 5.806994915008544922e+00 7.059823989868164062e+00 5.806994915008544922e+00 -3.222597885131835938e+01
-2.349336433410644531e+01 -1.137675476074218750e+01 -7.250608921051025391e+00 -1.137675476074218750e+01 -2.913670730590820312e+01 1.257626914978027344e+01 -7.250608921051025391e+00 1.257626914978027344e+01 -3.176297569274902344e+01
-2.964780426025390625e+01 1.677749824523925781e+01 -1.333566188812255859e+01 1.677749824523925781e+01 -2.858505630493164062e+01 -5.221713066101074219e+00 -1.333566188812255859e+01 -5.221713066101074219e+00 -4.650794982910156250e+01
8.831645965576171875e+01 -1.057905673980712891e+01 -2.039857387542724609e+00 -1.057905673980712891e+01 7.082201385498046875e+01 -1.599262142181396484e+01 -2.039857387542724609e+00 -1.599262142181396484e+01 9.989770507812500000e+01
-1.017145156860351562e+01 -1.829281330108642578e+00 1.866401290893554688e+01 -1.829281330108642578e+00 -3.369949340820312500e+01 -1.623860549926757812e+01 1.866401290893554688e+01 -1.623860549926757812e+01 -1.157774353027343750e+01
