-2.296435165405273438e+01 8.652137756347656250e+00 4.109906196594238281e+00 8.652137756347656250e+00 -4.864170074462890625e+00 4.018443584442138672e+00 4.109906196594238281e+00 4.018443584442138672e+00 -9.395716667175292969e+00
-4.189534187316894531e+00 -3.521697998046875000e+00 3.601601362228393555e+00 -3.521697998046875000e+00 -1.299007987976074219e+01 6.875869274139404297e+00 3.601601362228393555e+00 6.875869274139404297e+00 9.633138656616210938e+00
-4.619116210937500000e+01 -5.780522823333740234e+00 -2.653602361679077148e-01 -5.780522823333740234e+00 -3.071035385131835938e+01 -1.635774970054626465e+00 -2.653602361679077148e-01 -1.635774970054626465e+00 -3.334069824218750000e+01
-4.592268466949462891e+00 -9.481756687164306641e-01 -3.903105735778808594e+00 -9.481756687164306641e-01 -1.692937850952148438e+00 -9.997006654739379883e-01 -3.903105735778808594e+00 -9.997006654739379883e-01 -1.491519832611083984e+01
2.308120918273925781e+01 -1.559577846527099609e+01 1.706648468971252441e+00 -1.559577846527099609e+01 -1.759114623069763184e+00 5.999750494956970215e-01 1.706648468971252441e+00 5.999750494956970215e-01 1.521721482276916504e+00
-1.979271697998046875e+01 8.714205741882324219e+00 9.169240951538085938e+00 8.714205741882324219e+00 -4.906107902526855469e+00 2.639433145523071289e+00 9.169240951538085938e+00 2.639433145523071289e+00 -1.891773414611816406e+01
-3.835230827331542969e+00 2.787818193435668945e+00 -8.731760978698730469e-01 2.787818193435668945e+00 1.161487388610839844e+01 6.907320499420166016e+00 -8.731760978698730469e-01 6.907320499420166016e+00 -2.057460403442382812e+01
1.626474022865295410e+00 -1.535238838195800781e+01 -2.699011564254760742e+00 -1.535238838195800781e+01 -1.564564323425292969e+01 7.416991710662841797e+00 -2.699011564254760742e+00 7.416991710662841797e+00 5.940648078918457031e+00
-2.035885810852050781e+01 2.853857874870300293e-01 6.058774948120117188e+00 2.853857874870300293e-01 1.067552328109741211e+00 1.892189407348632812e+01 6.058774948120117188e+00 1.892189407348632812e+01 2.059623718261718750e+01
-2.314680290222167969e+01 -4.893530845642089844e+00 -5.668947696685791016e+00 -4.893530845642089844e+00 -2.141495323181152344e+01 2.091477775573730469e+01 -5.668947696685791016e+00 2.091477775573730469e+01 -1.086897277832031250e+01
-3.086809349060058594e+01 -6.790337562561035156e+00 6.053973674774169922e+00 -6.790337562561035156e+00 -2.215753555297851562e+01 8.114213943481445312e+00 6.053973674774169922e+00 8.114213943481445312e+00 -4.912917327880859375e+01
-1.260127639770507812e+01 5.712342858314514160e-01 7.538072586059570312e+00 5.712342858314514160e-01 -2.407564544677734375e+01 -6.354644298553466797e+00 7.538072586059570312e+00 -6.354644298553466797e+00 2.133945465087890625e+00
-3.742005920410156250e+01 -5.362155914306640625e+00 8.403111457824707031e+00 -5.362155914306640625e+00 -2.966464233398437500e+01 -1.263193011283874512e+00 8.403111457824707031e+00 -1.263193011283874512e+00 -4.257231712341308594e+00
-1.378868961334228516e+01 -1.252524256706237793e+00 -5.211397647857666016e+00 -1.252524256706237793e+00 -7.376949310302734375e+00 3.651598095893859863e-01 -5.211397647857666016e+00 3.651598095893859863e-01 -1.596512317657470703e+01
4.400409460067749023e-01 4.157589912414550781e+00 3.761423110961914062e+00 4.157589912414550781e+00 -3.503343582153320312e+01 1.052359676361083984e+01 3.761423110961914062e+00 1.052359676361083984e+01 -1.004250645637512207e+00
-2.767891693115234375e+01 1.816257238388061523e+00 -3.906737089157104492e+00 1.816257238388061523e+00 -3.268076324462890625e+01 -2.768307685852050781e+00 -3.906737089157104492e+00 -2.768307685852050781e+00 -1.444290637969970703e+01
1.312733936309814453e+01 1.591427040100097656e+01 1.600831031799316406e+01 1.591427040100097656e+01 -7.681783676147460938e+00 3.413158655166625977e+00 1.600831031799316406e+01 3.413158655166625977e+00 -2.240418052673339844e+01
-2.219179725646972656e+01 1.329953384399414062e+01 -8.956493377685546875e+00 1.329953384399414062e+01 -2.569641113281250000e+01 -1.187137699127197266e+01 -8.956493377685546875e+00 -1.187137699127197266e+01 1.293568968772888184e+00
-9.840231895446777344e+00 -1.476459860801696777e+00 4.805095195770263672e+00 -1.476459860801696777e+00 -1.257181358337402344e+01 -9.613672256469726562e+00 4.805095195770263672e+00 -9.613672256469726562e+00 -1.320116329193115234e+01
-1.961409950256347656e+01 3.340192079544067383e+00 1.811691474914550781e+01 3.340192079544067383e+00 -1.093589019775390625e+01 3.023131132125854492e+00 1.811691474914550781e+01 3.023131132125854492e+00 -1.415277862548828125e+01
-2.971480369567871094e+01 -4.698431015014648438e+00 -2.047378301620483398e+00 -4.698431015014648438e+00 -2.571001243591308594e+01 1.570980453491210938e+01 -2.047378301620483398e+00 1.570980453491210938e+01 -2.295751571655273438e+00
-9.270347595214843750e+00 -7.696484565734863281e+00 1.490728378295898438e+01 -7.696484565734863281e+00 -2.817827606201171875e+01 1.137631320953369141e+01 1.490728378295898438e+01 1.137631320953369141e+01 1.235842823982238770e+00
-2.944042968750000000e+01 -1.779597282409667969e+01 1.335627460479736328e+01 -1.779597282409667969e+01 -1.944813919067382812e+01 1.309761428833007812e+01 1.335627460479736328e+01 1.309761428833007812e+01 -3.417440414428710938e+01
