3.987036228179931641e+00 9.980906486511230469e+00 3.018789052963256836e+00 9.980906486511230469e+00 -7.365172386169433594e+00 2.587762117385864258e+00 3.018789052963256836e+00 2.587762117385864258e+00 4.049995422363281250e+00
-8.469971656799316406e+00 3.056159496307373047e+00 -7.486469745635986328e+00 3.056159496307373047e+00 -1.107600212097167969e+01 -1.585818409919738770e+00 -7.486469745635986328e+00 -1.585818409919738770e+00 -4.388995170593261719e-01
-1.854952621459960938e+01 9.459355354309082031e+00 -3.570142030715942383e+00 9.459355354309082031e+00 -2.282069778442382812e+01 5.809100627899169922e+00 -3.570142030715942383e+00 5.809100627899169922e+00 -5.077909231185913086e-01
1.368483543395996094e+00 -4.602412700653076172e+00 -9.720283508300781250e+00 -4.602412700653076172e+00 -1.708551406860351562e+01 2.788971900939941406e+01 -9.720283508300781250e+00 2.788971900939941406e+01 1.859090995788574219e+01
3.104949951171875000e+00 -1.472956943511962891e+01 -9.300414085388183594e+00 -1.472956943511962891e+01 1.562960505485534668e+00 -1.250323295593261719e+01 -9.300414085388183594e+00 -1.250323295593261719e+01 1.544251680374145508e+00
-2.090904235839843750e+01 -1.687892532348632812e+01 -1.539157295227050781e+01 -1.687892532348632812e+01 -1.076856040954589844e+01 -1.161299037933349609e+01 -1.539157295227050781e+01 -1.161299037933349609e+01 -4.756936550140380859e+00
-4.039577484130859375e+01 9.835603713989257812e+00 1.641428375244140625e+01 9.835603713989257812e+00 -1.747776794433593750e+01 -2.859824895858764648e+00 1.641428375244140625e+01 -2.859824895858764648e+00 -3.777045011520385742e+00
-5.179474353790283203e+00 -4.077293872833251953e+00 -1.314775848388671875e+01 -4.077293872833251953e+00 -8.838839530944824219e+00 3.080135822296142578e+00 -1.314775848388671875e+01 3.080135822296142578e+00 8.454100608825683594e+00
-4.997185230255126953e+00 9.156581878662109375e+00 -5.193802356719970703e+00 9.156581878662109375e+00 -2.095346689224243164e+00 -6.657504081726074219e+00 -5.193802356719970703e+00 -6.657504081726074219e+00 9.488565444946289062e+00
1.694360733032226562e+01 3.056204795837402344e+01 -3.445347309112548828e+00 3.056204795837402344e+01 -5.512670993804931641e+00 1.259505939483642578e+01 -3.445347309112548828e+00 1.259505939483642578e+01 -3.473047256469726562e+00
-1.034833621978759766e+01 -8.906699180603027344e+00 6.930650711059570312e+00 -8.906699180603027344e+00 -4.823153305053710938e+01 1.732981872558593750e+01 6.930650711059570312e+00 1.732981872558593750e+01 2.838257551193237305e+00
-2.476029014587402344e+01 2.535680389404296875e+01 1.101690101623535156e+01 2.535680389404296875e+01 -1.718370246887207031e+01 -4.746318340301513672e+00 1.101690101623535156e+01 -4.746318340301513672e+00 -1.621084928512573242e+00
-5.759562015533447266e+00 -1.850925922393798828e+00 -6.393504619598388672e+00 -1.850925922393798828e+00 -1.465894985198974609e+01 -8.355850219726562500e+00 -6.393504619598388672e+00 -8.355850219726562500e+00 4.300340116024017334e-01
-3.676715850830078125e+01 2.082733154296875000e+01 7.734955310821533203e+00 2.082733154296875000e+01 -2.062415504455566406e+01 -5.403992176055908203e+00 7.734955310821533203e+00 -5.403992176055908203e+00 -2.165566062927246094e+01
-3.250573730468750000e+01 -9.704529762268066406e+00 -3.059388399124145508e+00 -9.704529762268066406e+00 -1.253309726715087891e+01 -3.566985845565795898e+00 -3.059388399124145508e+00 -3.566985845565795898e+00 -2.382318878173828125e+01
1.517334222793579102e+00 -1.319784927368164062e+01 1.087516689300537109e+01 -1.319784927368164062e+01 -3.972811460494995117e+00 7.128841876983642578e+00 1.087516689300537109e+01 7.128841876983642578e+00 3.246597528457641602e+00
-3.632908248901367188e+01 4.269055426120758057e-01 -2.264758110046386719e+00 4.269055426120758057e-01 -4.007208633422851562e+01 -2.398773765563964844e+01 -2.264758110046386719e+00 -2.398773765563964844e+01 -9.989318847656250000e+00
-1.937211799621582031e+01 9.530673027038574219e+00 -5.909152507781982422e+00 9.530673027038574219e+00 -1.814667129516601562e+01 -1.013658881187438965e+00 -5.909152507781982422e+00 -1.013658881187438965e+00 4.399011135101318359e+00
-2.084535598754882812e+01 3.980031251907348633e+00 6.362162113189697266e+00 3.980031251907348633e+00 -1.148549842834472656e+01 -9.812206268310546875e+00 6.362162113189697266e+00 -9.812206268310546875e+00 -3.420844316482543945e+00
-4.957102203369140625e+01 -2.849210500717163086e+00 -5.175729751586914062e+00 -2.849210500717163086e+00 -1.854449081420898438e+01 4.572309017181396484e+00 -5.175729751586914062e+00 4.572309017181396484e+00 -8.282231330871582031e+00
-7.430987358093261719e+00 -4.119095802307128906e+00 1.037073493003845215e+00 -4.119095802307128906e+00 -2.267602157592773438e+01 -1.982974243164062500e+01 1.037073493003845215e+00 -1.982974243164062500e+01 -1.172543525695800781e+01
-2.484288406372070312e+01 -1.700623321533203125e+01 3.793601751327514648e+00 -1.700623321533203125e+01 -2.514435386657714844e+01 -1.095412445068359375e+01 3.793601751327514648e+00 -1.095412445068359375e+01 -1.038180637359619141e+01
-1.865149307250976562e+01 -6.563603401184082031e+00 -8.400493621826171875e+00 -6.563603401184082031e+00 -1.251542925834655762e+00 1.327999877929687500e+01 -8.400493621826171875e+00 1.327999877929687500e+01 -2.722105789184570312e+01
-8.641311645507812500e+00 3.993038177490234375e+00 -1.972143530845642090e+00 3.993038177490234375e+00 1.665768623352050781e+01 5.039944648742675781e+00 -1.972143530845642090e+00 5.039944648742675781e+00 -1.217122197151184082e+00
-3.026022148132324219e+01 -9.902579307556152344e+00 -1.496161651611328125e+01 -9.902579307556152344e+00 -1.873149299621582031e+01 1.144676017761230469e+01 -1.496161651611328125e+01 1.144676017761230469e+01 -3.053821372985839844e+01
-1.855216026306152344e+01 1.206121063232421875e+01 -1.240152549743652344e+01 1.206121063232421875e+01 -2.500527191162109375e+01 -6.501036167144775391e+00 -1.240152549743652344e+01 -6.501036167144775391e+00 -2.140964889526367188e+01
-8.616911888122558594e+00 7.655248165130615234e+00 1.036371350288391113e+00 7.655248165130615234e+00 2.266435623168945312e+00 7.501668930053710938e+00 1.036371350288391113e+00 7.501668930053710938e+00 -2.168311882019042969e+01
-2.149981689453125000e+01 -3.979871571063995361e-01 1.238116073608398438e+01 -3.979871571063995361e-01 2.861567497253417969e+01 3.173167228698730469e+00 1.238116073608398438e+01 3.173167228698730469e+00 -4.812070083618164062e+01
-1.652865791320800781e+01 1.516395282745361328e+01 8.836906433105468750e+00 1.516395282745361328e+01 -1.140709018707275391e+01 -9.745206832885742188e+00 8.836906433105468750e+00 -9.745206832885742188e+00 -1.501750373840332031e+01
-2.677981185913085938e+01 -3.075997352600097656e+00 -1.235859036445617676e+00 -3.075997352600097656e+00 -8.130774497985839844e+00 -1.817147254943847656e+01 -1.235859036445617676e+00 -1.817147254943847656e+01 -1.318941593170166016e+01
-2.856813240051269531e+01 2.856448554992675781e+01 7.256712436676025391e+00 2.856448554992675781e+01 -1.897664833068847656e+01 5.025701522827148438e+00 7.256712436676025391e+00 5.025701522827148438e+00 -2.459256935119628906e+01
-3.865772485733032227e+00 1.058865737915039062e+01 -1.324705410003662109e+01 1.058865737915039062e+01 -1.180113124847412109e+01 6.486497402191162109e+00 -1.324705410003662109e+01 6.486497402191162109e+00 -3.203047561645507812e+01
-2.963813972473144531e+01 -4.950352013111114502e-01 1.327090644836425781e+01 -4.950352013111114502e-01 -2.098143959045410156e+01 9.450277328491210938e+00 1.327090644836425781e+01 9.450277328491210938e+00 -1.570557975769042969e+01
-1.626179885864257812e+01 -6.475337028503417969e+00 -1.758478522300720215e+00 -6.475337028503417969e+00 -1.141240978240966797e+01 3.015654802322387695e+00 -1.758478522300720215e+00 3.015654802322387695e+00 -5.224940299987792969e+00
-5.662219619750976562e+01 8.643220901489257812e+00 -9.255912780761718750e+00 8.643220901489257812e+00 4.606498405337333679e-02 -1.559159278869628906e+01 -9.255912780761718750e+00 -1.559159278869628906e+01 -4.463776397705078125e+01
-1.951707077026367188e+01 -1.565398597717285156e+01 1.043460178375244141e+01 -1.565398597717285156e+01 6.136779785156250000e+00 4.697735309600830078e+00 1.043460178375244141e+01 4.697735309600830078e+00 -7.642032146453857422e+00
2.882429599761962891e+00 -7.483128070831298828e+00 1.270527553558349609e+01 -7.483128070831298828e+00 -6.706728458404541016e+00 -3.457420349121093750e+00 1.270527553558349609e+01 -3.457420349121093750e+00 -1.168395042419433594e+01
-2.304410743713378906e+01 -4.552663803100585938e+00 -1.618107795715332031e+01 -4.552663803100585938e+00 -9.197086334228515625e+00 -8.930031776428222656e+00 -1.618107795715332031e+01 -8.930031776428222656e+00 1.115884685516357422e+01
-5.322856426239013672e+00 -1.357545852661132812e+01 -7.008964538574218750e+00 -1.357545852661132812e+01 -2.191087722778320312e+01 3.543846368789672852e+00 -7.008964538574218750e+00 3.543846368789672852e+00 -2.702237129211425781e+01
-2.764475822448730469e+01 -8.378246307373046875e+00 -2.921288967132568359e+00 -8.378246307373046875e+00 1.424075365066528320e+00 -4.232309818267822266e+00 -2.921288967132568359e+00 -4.232309818267822266e+00 2.313260883092880249e-01
-1.188227367401123047e+01 3.470665693283081055e+00 -1.542821526527404785e+00 3.470665693283081055e+00 -1.355748653411865234e+01 1.010856270790100098e+00 -1.542821526527404785e+00 1.010856270790100098e+00 1.138097476959228516e+01
2.411875486373901367e+00 5.204973697662353516e+00 -2.784214973449707031e+01 5.204973697662353516e+00 -5.524550437927246094e+00 1.548734569549560547e+01 -2.784214973449707031e+01 1.548734569549560547e+01 -7.209553718566894531e+00
-1.655383872985839844e+01 -3.545867681503295898e+00 -6.074331283569335938e+00 -3.545867681503295898e+00 -6.866949558258056641e+00 -2.135966777801513672e+00 -6.074331283569335938e+00 -2.135966777801513672e+00 -3.004375219345092773e+00
-1.597621631622314453e+01 1.462456989288330078e+01 -1.335077190399169922e+01 1.462456989288330078e+01 -2.898554801940917969e+00 2.966145515441894531e+00 -1.335077190399169922e+01 2.966145515441894531e+00 -3.847326660156250000e+01
1.993347406387329102e+00 9.872644424438476562e+00 -4.310537815093994141e+00 9.872644424438476562e+00 -6.006590366363525391e+00 1.034825611114501953e+01 -4.310537815093994141e+00 1.034825611114501953e+01 -2.929135799407958984e+00
-2.484726142883300781e+01 -4.473230242729187012e-01 5.077999114990234375e+00 -4.473230242729187012e-01 -5.759829878807067871e-01 -8.693416714668273926e-01 5.077999114990234375e+00 -8.693416714668273926e-01 1.581625938415527344e+01
-3.247106170654296875e+01 -2.223174333572387695e+00 -1.056464099884033203e+01 -2.223174333572387695e+00 3.354656398296356201e-01 -2.565030574798583984e+00 -1.056464099884033203e+01 -2.565030574798583984e+00 6.086777687072753906e+00
2.252051544189453125e+01 -4.360964894294738770e-01 9.228829383850097656e+00 -4.360964894294738770e-01 -2.822625541687011719e+01 3.858311176300048828e+00 9.228829383850097656e+00 3.858311176300048828e+00 8.009439468383789062e+00
-3.091385841369628906e+01 9.942098617553710938e+00 2.187810659408569336e+00 9.942098617553710938e+00 -3.389654922485351562e+01 -2.651147603988647461e+00 2.187810659408569336e+00 -2.651147603988647461e+00 -3.270841598510742188e+01
-1.862650871276855469e+01 3.556782484054565430e+00 -5.821150302886962891e+00 3.556782484054565430e+00 -1.585860347747802734e+01 -1.363354921340942383e+00 -5.821150302886962891e+00 -1.363354921340942383e+00 7.718436717987060547e+00
-4.128619003295898438e+01 3.576612845063209534e-02 -1.074248313903808594e+01 3.576612845063209534e-02 -2.788088083267211914e+00 -7.884229660034179688e+00 -1.074248313903808594e+01 -7.884229660034179688e+00 -4.098390197753906250e+01
-2.622420501708984375e+01 -1.165065288543701172e+00 -1.093047714233398438e+01 -1.165065288543701172e+00 -1.684516906738281250e+00 1.038870692253112793e+00 -1.093047714233398438e+01 1.038870692253112793e+00 4.664676666259765625e+00
-1.136811923980712891e+01 -1.604168701171875000e+01 -2.267103576660156250e+01 -1.604168701171875000e+01 -1.908415603637695312e+01 -2.781388759613037109e-01 -2.267103576660156250e+01 -2.781388759613037109e-01 -5.632435321807861328e+00
-2.356151962280273438e+01 5.637183189392089844e+00 -8.144901394844055176e-01 5.637183189392089844e+00 6.867099285125732422e+00 3.424139738082885742e+00 -8.144901394844055176e-01 3.424139738082885742e+00 -1.955781936645507812e+01
-1.855002212524414062e+01 1.156378078460693359e+01 2.939582824707031250e+00 1.156378078460693359e+01 -2.019619369506835938e+01 7.498130798339843750e+00 2.939582824707031250e+00 7.498130798339843750e+00 -1.355294895172119141e+01
-4.653345870971679688e+01 1.607658767700195312e+01 -6.618785858154296875e+00 1.607658767700195312e+01 -1.761390686035156250e+01 -4.872049808502197266e+00 -6.618785858154296875e+00 -4.872049808502197266e+00 -2.537131118774414062e+01
9.685674905776977539e-01 -1.077079105377197266e+01 1.988848876953125000e+01 -1.077079105377197266e+01 1.844020080566406250e+01 -6.063824653625488281e+00 1.988848876953125000e+01 -6.063824653625488281e+00 8.327022552490234375e+00
-1.390227413177490234e+01 1.531092166900634766e+00 -6.512502670288085938e+00 1.531092166900634766e+00 -6.532863616943359375e+00 2.371726274490356445e+00 -6.512502670288085938e+00 2.371726274490356445e+00 -3.360543060302734375e+01
-1.373470687866210938e+01 1.222449779510498047e+00 -3.669329166412353516e+00 1.222449779510498047e+00 -8.393592834472656250e+00 -1.396534562110900879e+00 -3.669329166412353516e+00 -1.396534562110900879e+00 2.153479099273681641e+00
-1.727130317687988281e+01 -1.110804557800292969e+00 1.167085075378417969e+01 -1.110804557800292969e+00 -2.149451065063476562e+01 -9.259240150451660156e+00 1.167085075378417969e+01 -9.259240150451660156e+00 -3.376963043212890625e+01
-2.505670356750488281e+01 1.390369129180908203e+01 -1.276786518096923828e+01 1.390369129180908203e+01 -1.618005752563476562e+01 -8.758009910583496094e+00 -1.276786518096923828e+01 -8.758009910583496094e+00 -3.765908813476562500e+01
-1.681174468994140625e+01 1.300896739959716797e+01 -9.066296577453613281e+00 1.300896739959716797e+01 -3.136752319335937500e+01 1.345400714874267578e+01 -9.066296577453613281e+00 1.345400714874267578e+01 -4.101702880859375000e+01
-2.280997085571289062e+01 1.059997940063476562e+01 2.562314748764038086e+00 1.059997940063476562e+01 -2.261502265930175781e+01 -1.418603420257568359e+00 2.562314748764038086e+00 -1.418603420257568359e+00 -1.708779144287109375e+01
