1.230575323104858398e+00 1.470535278320312500e+01 -8.969227790832519531e+00 1.470535278320312500e+01 -7.591724395751953125e+01 -9.322283744812011719e+00 -8.969227790832519531e+00 -9.322283744812011719e+00 -6.067136764526367188e+01
1.716843366622924805e+00 1.568796515464782715e+00 -5.816648483276367188e+00 1.568796515464782715e+00 -1.110054779052734375e+01 -6.206595420837402344e+00 -5.816648483276367188e+00 -6.206595420837402344e+00 1.133630943298339844e+01
-1.943674087524414062e+01 3.816755771636962891e+00 -1.881388854980468750e+01 3.816755771636962891e+00 -3.256668853759765625e+01 -4.773799419403076172e+00 -1.881388854980468750e+01 -4.773799419403076172e+00 1.582505798339843750e+01
-4.165999889373779297e+00 2.260264778137207031e+01 -1.145630359649658203e+01 2.260264778137207031e+01 -1.764148139953613281e+01 -3.898237943649291992e+00 -1.145630359649658203e+01 -3.898237943649291992e+00 -1.306727695465087891e+01
1.926740455627441406e+01 6.760928630828857422e+00 -2.874845266342163086e+00 6.760928630828857422e+00 -1.526495075225830078e+01 -9.745594024658203125e+00 -2.874845266342163086e+00 -9.745594024658203125e+00 -5.432199478149414062e+00
-3.850166559219360352e+00 9.898894309997558594e+00 -9.628279685974121094e+00 9.898894309997558594e+00 -1.330201339721679688e+01 9.110147476196289062e+00 -9.628279685974121094e+00 9.110147476196289062e+00 -1.140069484710693359e+01
5.213372707366943359e+00 6.245830535888671875e+00 -6.954845905303955078e+00 6.245830535888671875e+00 2.390980958938598633e+00 -6.854192256927490234e+00 -6.954845905303955078e+00 -6.854192256927490234e+00 -2.282617378234863281e+01
1.222433090209960938e+01 1.085450053215026855e+00 -1.575220203399658203e+01 1.085450053215026855e+00 -3.922121763229370117e+00 -3.032794475555419922e+00 -1.575220203399658203e+01 -3.032794475555419922e+00 4.456130504608154297e+00
-3.499333187937736511e-02 5.184131622314453125e+00 -9.962882041931152344e+00 5.184131622314453125e+00 -1.376323127746582031e+01 -5.102530479431152344e+00 -9.962882041931152344e+00 -5.102530479431152344e+00 -8.379208564758300781e+00
3.503830909729003906e+00 6.951104164123535156e+00 1.106484174728393555e+00 6.951104164123535156e+00 -1.199966716766357422e+01 -7.454233646392822266e+00 1.106484174728393555e+00 -7.454233646392822266e+00 5.400997161865234375e+00
-2.522844552993774414e+00 1.396979999542236328e+01 -9.347827911376953125e+00 1.396979999542236328e+01 -1.911200141906738281e+01 -4.599216938018798828e+00 -9.347827911376953125e+00 -4.599216938018798828e+00 2.744607448577880859e+00
1.601430416107177734e+00 7.426830291748046875e+00 2.256496906280517578e+00 7.426830291748046875e+00 -7.282802581787109375e+00 -8.117323875427246094e+00 2.256496906280517578e+00 -8.117323875427246094e+00 -8.229970932006835938e+00
3.049206733703613281e+00 4.194808959960937500e+00 -1.065545082092285156e+01 4.194808959960937500e+00 -2.793757617473602295e-01 5.540758609771728516e+00 -1.065545082092285156e+01 5.540758609771728516e+00 -6.494202613830566406e+00
9.693666458129882812e+00 2.106631278991699219e+00 -1.171121406555175781e+01 2.106631278991699219e+00 -1.189226436614990234e+01 1.736389040946960449e+00 -1.171121406555175781e+01 1.736389040946960449e+00 -8.856611251831054688e+00
8.050521850585937500e+00 -4.741806030273437500e+00 -8.763583183288574219e+00 -4.741806030273437500e+00 -2.370568084716796875e+01 -5.013621807098388672e+00 -8.763583183288574219e+00 -5.013621807098388672e+00 -1.839551353454589844e+01
2.495078325271606445e+00 2.643141269683837891e+00 -7.014287471771240234e+00 2.643141269683837891e+00 -4.152835309505462646e-01 -1.025271987915039062e+01 -7.014287471771240234e+00 -1.025271987915039062e+01 -4.405149459838867188e+00
5.137122154235839844e+00 1.406652355194091797e+01 -1.025827598571777344e+01 1.406652355194091797e+01 -1.903564643859863281e+01 -5.035532116889953613e-01 -1.025827598571777344e+01 -5.035532116889953613e-01 1.613682031631469727e+00
1.287912368774414062e+01 6.078679084777832031e+00 -1.173243236541748047e+01 6.078679084777832031e+00 -9.444294929504394531e+00 -7.210687637329101562e+00 -1.173243236541748047e+01 -7.210687637329101562e+00 -6.571408271789550781e+00
3.420517206192016602e+00 1.079821395874023438e+01 -6.776834011077880859e+00 1.079821395874023438e+01 3.955460488796234131e-01 -2.329225778579711914e+00 -6.776834011077880859e+00 -2.329225778579711914e+00 -2.609707593917846680e+00
-6.686558723449707031e-01 4.995881021022796631e-01 -7.360314846038818359e+00 4.995881021022796631e-01 -2.255692291259765625e+01 -1.185268974304199219e+01 -7.360314846038818359e+00 -1.185268974304199219e+01 3.084599018096923828e+00
5.110234737396240234e+00 1.929481315612792969e+01 -1.077279853820800781e+01 1.929481315612792969e+01 -1.268265247344970703e+01 -8.816297531127929688e+00 -1.077279853820800781e+01 -8.816297531127929688e+00 1.289560508728027344e+01
-1.075637912750244141e+01 9.845488548278808594e+00 -1.091800117492675781e+01 9.845488548278808594e+00 -8.787764549255371094e+00 -1.405464363098144531e+01 -1.091800117492675781e+01 -1.405464363098144531e+01 2.923139810562133789e+00
-7.881357192993164062e+00 1.604450225830078125e+01 -6.716757297515869141e+00 1.604450225830078125e+01 4.380143642425537109e+00 -2.799061775207519531e+00 -6.716757297515869141e+00 -2.799061775207519531e+00 -1.531015968322753906e+01
-5.184783458709716797e+00 1.253430461883544922e+01 1.961967706680297852e+00 1.253430461883544922e+01 -9.365821838378906250e+00 -2.900487422943115234e+00 1.961967706680297852e+00 -2.900487422943115234e+00 1.347825527191162109e+01
6.201543331146240234e+00 9.632553100585937500e+00 -1.126981067657470703e+01 9.632553100585937500e+00 -7.271875381469726562e+00 -4.314660549163818359e+00 -1.126981067657470703e+01 -4.314660549163818359e+00 2.531545829772949219e+01
4.944291114807128906e+00 5.140690803527832031e+00 -4.103691577911376953e+00 5.140690803527832031e+00 -2.074057006835937500e+01 -1.003378629684448242e+00 -4.103691577911376953e+00 -1.003378629684448242e+00 -5.854393959045410156e+00
1.865447235107421875e+01 1.481767296791076660e+00 -7.578238010406494141e+00 1.481767296791076660e+00 -3.198370361328125000e+01 -4.468159675598144531e+00 -7.578238010406494141e+00 -4.468159675598144531e+00 4.129764080047607422e+00
1.448059654235839844e+01 1.359490585327148438e+01 -3.380650281906127930e+00 1.359490585327148438e+01 1.157966709136962891e+01 -5.258728504180908203e+00 -3.380650281906127930e+00 -5.258728504180908203e+00 8.835972100496292114e-02
-7.702266693115234375e+00 1.809014701843261719e+01 -8.848522186279296875e+00 1.809014701843261719e+01 -2.688700103759765625e+01 -5.257448673248291016e+00 -8.848522186279296875e+00 -5.257448673248291016e+00 7.678794860839843750e+00
1.653864288330078125e+01 8.630546569824218750e+00 -1.144065284729003906e+01 8.630546569824218750e+00 -9.925498008728027344e+00 -3.313909769058227539e+00 -1.144065284729003906e+01 -3.313909769058227539e+00 -6.805077075958251953e+00
1.964188957214355469e+01 7.887757301330566406e+00 -4.360429763793945312e+00 7.887757301330566406e+00 -1.791342544555664062e+01 1.629925847053527832e+00 -4.360429763793945312e+00 1.629925847053527832e+00 5.347696781158447266e+00
-1.557650852203369141e+01 6.641114234924316406e+00 -1.005516815185546875e+01 6.641114234924316406e+00 -1.999368858337402344e+01 -8.070819973945617676e-01 -1.005516815185546875e+01 -8.070819973945617676e-01 -5.806718468666076660e-01
7.749571800231933594e+00 9.166910171508789062e+00 -1.318355274200439453e+01 9.166910171508789062e+00 6.696075439453125000e+00 2.744975090026855469e+00 -1.318355274200439453e+01 2.744975090026855469e+00 1.676052093505859375e+01
-1.204948711395263672e+01 1.017456817626953125e+01 -7.013227462768554688e+00 1.017456817626953125e+01 6.053400993347167969e+00 -5.856536388397216797e+00 -7.013227462768554688e+00 -5.856536388397216797e+00 4.300045013427734375e+00
1.149168014526367188e+01 6.097022533416748047e+00 -7.484774589538574219e+00 6.097022533416748047e+00 9.017210960388183594e+00 1.647540807723999023e+00 -7.484774589538574219e+00 1.647540807723999023e+00 1.338525581359863281e+01
-5.219604015350341797e+00 3.552937507629394531e-01 -1.000807094573974609e+01 3.552937507629394531e-01 -1.424295902252197266e+01 4.183775901794433594e+00 -1.000807094573974609e+01 4.183775901794433594e+00 2.901743412017822266e+00
1.037591552734375000e+01 8.946545124053955078e-01 -4.211275577545166016e+00 8.946545124053955078e-01 -1.352701568603515625e+01 -8.220237731933593750e+00 -4.211275577545166016e+00 -8.220237731933593750e+00 -7.062785625457763672e+00
2.553293800354003906e+01 1.746721649169921875e+01 -1.635911107063293457e+00 1.746721649169921875e+01 6.398796081542968750e+00 -1.241278648376464844e+01 -1.635911107063293457e+00 -1.241278648376464844e+01 1.713958358764648438e+01
-2.526098060607910156e+01 -2.772498369216918945e+00 -1.444483399391174316e+00 -2.772498369216918945e+00 -3.305182647705078125e+01 -4.677793085575103760e-01 -1.444483399391174316e+00 -4.677793085575103760e-01 -1.275007820129394531e+01
4.068653583526611328e+00 9.496836662292480469e+00 -1.026378631591796875e+01 9.496836662292480469e+00 1.071404266357421875e+01 8.614318370819091797e-01 -1.026378631591796875e+01 8.614318370819091797e-01 1.758119773864746094e+01
1.728414344787597656e+01 9.680697441101074219e+00 3.219987392425537109e+00 9.680697441101074219e+00 1.406328678131103516e+01 -4.364124774932861328e+00 3.219987392425537109e+00 -4.364124774932861328e+00 3.559841156005859375e+00
-9.203469276428222656e+00 1.498430824279785156e+01 1.926016688346862793e+00 1.498430824279785156e+01 -2.591576576232910156e+01 -9.105939865112304688e+00 1.926016688346862793e+00 -9.105939865112304688e+00 -1.803951072692871094e+01
1.105634117126464844e+01 1.097946071624755859e+01 1.437561869621276855e+00 1.097946071624755859e+01 -1.411978244781494141e+00 -1.199365997314453125e+01 1.437561869621276855e+00 -1.199365997314453125e+01 2.039996623992919922e+00
4.208402633666992188e+00 5.876748561859130859e+00 -6.354988098144531250e+00 5.876748561859130859e+00 1.786793231964111328e+00 6.133912563323974609e+00 -6.354988098144531250e+00 6.133912563323974609e+00 -2.450204849243164062e+00
1.230575323104858398e+00 1.470535278320312500e+01 -8.969227790832519531e+00 1.470535278320312500e+01 -7.591724395751953125e+01 -9.322283744812011719e+00 -8.969227790832519531e+00 -9.322283744812011719e+00 -6.067136764526367188e+01
3.472984552383422852e+00 1.190591526031494141e+01 -6.446375370025634766e+00 1.190591526031494141e+01 9.210795164108276367e-01 -1.155041790008544922e+01 -6.446375370025634766e+00 -1.155041790008544922e+01 3.914532959461212158e-01
-1.392642593383789062e+01 -4.174591064453125000e+00 -1.393056964874267578e+01 -4.174591064453125000e+00 -2.390228271484375000e+01 -9.492937088012695312e+00 -1.393056964874267578e+01 -9.492937088012695312e+00 -1.255645465850830078e+01
1.122279834747314453e+01 1.373629570007324219e+00 -2.794638633728027344e+00 1.373629570007324219e+00 -9.153527259826660156e+00 -6.564231395721435547e+00 -2.794638633728027344e+00 -6.564231395721435547e+00 1.385605216026306152e+00
-1.406944465637207031e+01 1.522291374206542969e+01 -1.007562541961669922e+01 1.522291374206542969e+01 -2.752763366699218750e+01 -5.878131866455078125e+00 -1.007562541961669922e+01 -5.878131866455078125e+00 -5.552596569061279297e+00
-1.021829223632812500e+01 7.073719501495361328e+00 -2.307774543762207031e+01 7.073719501495361328e+00 -3.669451904296875000e+01 1.147246718406677246e+00 -2.307774543762207031e+01 1.147246718406677246e+00 -1.581707286834716797e+01
-1.291962146759033203e+01 -8.425893187522888184e-01 1.792290806770324707e+00 -8.425893187522888184e-01 -2.974921989440917969e+01 -1.131842374801635742e+00 1.792290806770324707e+00 -1.131842374801635742e+00 3.988576412200927734e+00
-1.141739177703857422e+01 7.546642780303955078e+00 -1.170562505722045898e+00 7.546642780303955078e+00 -2.627685356140136719e+01 2.807178020477294922e+00 -1.170562505722045898e+00 2.807178020477294922e+00 -1.769598960876464844e+01
-1.565935611724853516e+01 1.443849182128906250e+01 -9.786805152893066406e+00 1.443849182128906250e+01 -6.885330677032470703e+00 -4.170536518096923828e+00 -9.786805152893066406e+00 -4.170536518096923828e+00 -1.203968524932861328e+01
-5.224646091461181641e+00 2.581299304962158203e+00 -1.612724781036376953e+00 2.581299304962158203e+00 -3.011390686035156250e+01 -3.008218288421630859e+00 -1.612724781036376953e+00 -3.008218288421630859e+00 -1.363465404510498047e+01
1.484286403656005859e+01 2.087347602844238281e+01 -6.583637714385986328e+00 2.087347602844238281e+01 -1.360218620300292969e+01 1.124406337738037109e+01 -6.583637714385986328e+00 1.124406337738037109e+01 8.875097632408142090e-01
-8.156271934509277344e+00 3.026888847351074219e+00 8.922805786132812500e+00 3.026888847351074219e+00 -3.195814323425292969e+01 -6.724333167076110840e-01 8.922805786132812500e+00 -6.724333167076110840e-01 -2.235735702514648438e+01
-3.282066106796264648e+00 1.478128147125244141e+01 -5.275675773620605469e+00 1.478128147125244141e+01 -2.362372970581054688e+01 2.813802719116210938e+00 -5.275675773620605469e+00 2.813802719116210938e+00 9.483871459960937500e-01
-5.078969478607177734e+00 3.059096145629882812e+01 -1.002947449684143066e+00 3.059096145629882812e+01 6.116906642913818359e+00 -6.598579406738281250e+00 -1.002947449684143066e+00 -6.598579406738281250e+00 -3.787391185760498047e-01
-1.886661338806152344e+01 -6.354805946350097656e+00 -8.377754211425781250e+00 -6.354805946350097656e+00 -1.114256381988525391e+01 2.080859422683715820e+00 -8.377754211425781250e+00 2.080859422683715820e+00 7.516890525817871094e+00
-8.475543856620788574e-01 4.640628337860107422e+00 1.360685253143310547e+01 4.640628337860107422e+00 -1.342144298553466797e+01 1.360433292388916016e+01 1.360685253143310547e+01 1.360433292388916016e+01 -3.060605812072753906e+01
-3.414253616333007812e+01 2.047469711303710938e+01 2.278437614440917969e+00 2.047469711303710938e+01 -3.109970808029174805e+00 1.087736988067626953e+01 2.278437614440917969e+00 1.087736988067626953e+01 5.176976680755615234e+00
-1.976733207702636719e+01 7.330925941467285156e+00 -5.190041065216064453e+00 7.330925941467285156e+00 -1.257473945617675781e+00 -1.316672444343566895e+00 -5.190041065216064453e+00 -1.316672444343566895e+00 -1.385614871978759766e+01
-2.031701850891113281e+01 2.847700595855712891e+00 -9.882616996765136719e+00 2.847700595855712891e+00 -9.919720888137817383e-01 1.031038856506347656e+01 -9.882616996765136719e+00 1.031038856506347656e+01 3.737823486328125000e+00
-1.346719360351562500e+01 7.743432044982910156e+00 -1.180982589721679688e+01 7.743432044982910156e+00 -1.045522308349609375e+01 8.285198211669921875e+00 -1.180982589721679688e+01 8.285198211669921875e+00 -3.245151340961456299e-01
1.292542457580566406e+01 2.012255477905273438e+01 -2.330550193786621094e+01 2.012255477905273438e+01 -9.413466453552246094e+00 9.998360633850097656e+00 -2.330550193786621094e+01 9.998360633850097656e+00 -1.896088981628417969e+01
-7.179005146026611328e+00 8.490838050842285156e+00 -1.958171725273132324e-01 8.490838050842285156e+00 -8.184363365173339844e+00 1.215860843658447266e+01 -1.958171725273132324e-01 1.215860843658447266e+01 -1.765984916687011719e+01
-1.278642559051513672e+01 1.444249248504638672e+01 -5.051809310913085938e+00 1.444249248504638672e+01 -2.103937721252441406e+01 -1.002558422088623047e+01 -5.051809310913085938e+00 -1.002558422088623047e+01 -2.269164848327636719e+01
-8.450904846191406250e+00 1.347013664245605469e+01 9.103848457336425781e+00 1.347013664245605469e+01 -1.175105476379394531e+01 8.606670379638671875e+00 9.103848457336425781e+00 8.606670379638671875e+00 7.090069293975830078e+00
1.445666790008544922e+01 1.537385463714599609e+01 -1.209422492980957031e+01 1.537385463714599609e+01 1.712618446350097656e+01 -1.822749137878417969e+00 -1.209422492980957031e+01 -1.822749137878417969e+00 3.245278358459472656e+00
4.294607639312744141e+00 9.956686019897460938e+00 -2.264014720916748047e+00 9.956686019897460938e+00 -1.852462387084960938e+01 -7.966095447540283203e+00 -2.264014720916748047e+00 -7.966095447540283203e+00 -3.105183029174804688e+01
-6.864026546478271484e+00 -3.424603700637817383e+00 2.213727712631225586e+00 -3.424603700637817383e+00 -1.619178771972656250e+01 -1.000125503540039062e+01 2.213727712631225586e+00 -1.000125503540039062e+01 -3.564015197753906250e+01
-6.020526409149169922e+00 7.342448234558105469e+00 3.047409653663635254e-01 7.342448234558105469e+00 -3.617411041259765625e+01 1.242527484893798828e+00 3.047409653663635254e-01 1.242527484893798828e+00 -2.191979646682739258e+00
1.598552227020263672e+01 -9.853514432907104492e-01 2.720284700393676758e+00 -9.853514432907104492e-01 -1.235714817047119141e+01 3.210747718811035156e+00 2.720284700393676758e+00 3.210747718811035156e+00 1.827438163757324219e+01
-5.506152287125587463e-02 -6.750648498535156250e+00 -8.765421867370605469e+00 -6.750648498535156250e+00 -2.585653305053710938e+01 2.950762748718261719e+00 -8.765421867370605469e+00 2.950762748718261719e+00 -1.124103164672851562e+01
-2.653997230529785156e+01 6.964650630950927734e+00 7.973384380340576172e+00 6.964650630950927734e+00 -3.039275741577148438e+01 -1.312981605529785156e+00 7.973384380340576172e+00 -1.312981605529785156e+00 -4.175104904174804688e+01
1.032510948181152344e+01 7.835196495056152344e+00 -7.084305286407470703e+00 7.835196495056152344e+00 1.717233085632324219e+01 4.381195068359375000e+00 -7.084305286407470703e+00 4.381195068359375000e+00 9.395322799682617188e+00
-1.420759296417236328e+01 6.075811386108398438e+00 -2.993739843368530273e+00 6.075811386108398438e+00 1.440274333953857422e+01 -3.571455478668212891e+00 -2.993739843368530273e+00 -3.571455478668212891e+00 -2.518556833267211914e+00
-3.914872360229492188e+01 -2.494566202163696289e+00 -9.639969825744628906e+00 -2.494566202163696289e+00 -1.675105094909667969e+01 5.992032527923583984e+00 -9.639969825744628906e+00 5.992032527923583984e+00 -9.767501831054687500e+00
-1.811511039733886719e+01 -1.079007530212402344e+01 -5.539875030517578125e+00 -1.079007530212402344e+01 -1.486333084106445312e+01 -6.887050151824951172e+00 -5.539875030517578125e+00 -6.887050151824951172e+00 -1.182484531402587891e+01
-7.588496208190917969e+00 6.100665569305419922e+00 -1.225127410888671875e+01 6.100665569305419922e+00 8.576190948486328125e+00 -8.303309679031372070e-01 -1.225127410888671875e+01 -8.303309679031372070e-01 -4.268927764892578125e+01
2.193709945678710938e+01 4.959203243255615234e+00 3.412579774856567383e+00 4.959203243255615234e+00 1.503063201904296875e+01 4.830469131469726562e+00 3.412579774856567383e+00 4.830469131469726562e+00 1.965903854370117188e+01
-3.415108442306518555e+00 -3.464710235595703125e+00 -3.091794967651367188e+00 -3.464710235595703125e+00 -2.166602134704589844e+01 -4.694467544555664062e+00 -3.091794967651367188e+00 -4.694467544555664062e+00 -1.929139941930770874e-01
-3.119101142883300781e+01 -1.083866119384765625e+00 -2.499850845336914062e+01 -1.083866119384765625e+00 -9.503232002258300781e+00 -1.212927627563476562e+01 -2.499850845336914062e+01 -1.212927627563476562e+01 -2.999904441833496094e+01
-1.955184745788574219e+01 5.786179542541503906e+00 1.808514297008514404e-01 5.786179542541503906e+00 1.942684745788574219e+01 -1.096367168426513672e+01 1.808514297008514404e-01 -1.096367168426513672e+01 -2.708381271362304688e+01
2.970600128173828125e+01 -9.130748510360717773e-01 1.340600490570068359e+00 -9.130748510360717773e-01 1.802268981933593750e+01 -4.664278984069824219e+00 1.340600490570068359e+00 -4.664278984069824219e+00 1.787641525268554688e+01
-3.996928024291992188e+01 -3.015917778015136719e+00 -1.422021865844726562e+01 -3.015917778015136719e+00 3.096230983734130859e+00 1.022493553161621094e+01 -1.422021865844726562e+01 1.022493553161621094e+01 -2.213313674926757812e+01
-5.742435455322265625e+00 2.165800857543945312e+01 1.328562736511230469e+01 2.165800857543945312e+01 7.741461992263793945e-01 2.184807658195495605e-01 1.328562736511230469e+01 2.184807658195495605e-01 1.174040794372558594e+00
-2.895896673202514648e+00 7.937786102294921875e+00 -2.187533760070800781e+01 7.937786102294921875e+00 -6.531414389610290527e-01 1.057617425918579102e+00 -2.187533760070800781e+01 1.057617425918579102e+00 -1.563901615142822266e+01
-2.696193218231201172e+00 4.420163631439208984e+00 -1.729040527343750000e+01 4.420163631439208984e+00 -7.408475399017333984e+00 1.106214237213134766e+01 -1.729040527343750000e+01 1.106214237213134766e+01 7.693832874298095703e+00
2.635638713836669922e-01 8.612591743469238281e+00 1.973824858665466309e+00 8.612591743469238281e+00 -3.627773761749267578e+00 1.442510485649108887e+00 1.973824858665466309e+00 1.442510485649108887e+00 -2.660689163208007812e+01
1.426764845848083496e+00 5.826263427734375000e+00 8.158147811889648438e+00 5.826263427734375000e+00 1.153997135162353516e+01 8.322404861450195312e+00 8.158147811889648438e+00 8.322404861450195312e+00 2.186127662658691406e+01
-3.631579971313476562e+01 -4.224232196807861328e+00 3.605067253112792969e+00 -4.224232196807861328e+00 -8.506049156188964844e+00 -8.551142692565917969e+00 3.605067253112792969e+00 -8.551142692565917969e+00 -1.804644584655761719e+01
7.840800285339355469e+00 9.991374015808105469e+00 5.902272224426269531e+00 9.991374015808105469e+00 -1.972579002380371094e+01 1.880903816223144531e+01 5.902272224426269531e+00 1.880903816223144531e+01 -1.850895047187805176e+00
1.230575323104858398e+00 1.470535278320312500e+01 -8.969227790832519531e+00 1.470535278320312500e+01 -7.591724395751953125e+01 -9.322283744812011719e+00 -8.969227790832519531e+00 -9.322283744812011719e+00 -6.067136764526367188e+01
-2.020539283752441406e+01 1.212042140960693359e+01 -8.365708351135253906e+00 1.212042140960693359e+01 -1.394867038726806641e+01 -1.581168937683105469e+01 -8.365708351135253906e+00 -1.581168937683105469e+01 -1.540076637268066406e+01
-1.845902633666992188e+01 3.805776357650756836e+00 -3.128715753555297852e+00 3.805776357650756836e+00 -1.042224311828613281e+01 -7.207192897796630859e+00 -3.128715753555297852e+00 -7.207192897796630859e+00 1.819093894958496094e+01
-2.458544158935546875e+01 1.284030055999755859e+01 -6.888406276702880859e+00 1.284030055999755859e+01 -2.744144058227539062e+01 -9.471964836120605469e+00 -6.888406276702880859e+00 -9.471964836120605469e+00 -2.966298484802246094e+01
-1.788461494445800781e+01 -1.711924362182617188e+01 -1.811626243591308594e+01 -1.711924362182617188e+01 -2.246861267089843750e+01 3.633329153060913086e+00 -1.811626243591308594e+01 3.633329153060913086e+00 -2.335156250000000000e+01
-1.850957679748535156e+01 1.711536788940429688e+01 -7.187376499176025391e+00 1.711536788940429688e+01 -2.440355491638183594e+01 1.489855670928955078e+01 -7.187376499176025391e+00 1.489855670928955078e+01 -3.735574340820312500e+01
-4.576130676269531250e+01 -1.237096667289733887e+00 1.713417053222656250e+01 -1.237096667289733887e+00 -6.987256622314453125e+01 -2.679117202758789062e+00 1.713417053222656250e+01 -2.679117202758789062e+00 -3.517178726196289062e+01
-6.250447082519531250e+01 -1.925510215759277344e+01 -2.384520471096038818e-01 -1.925510215759277344e+01 -4.178540039062500000e+01 -7.851485252380371094e+00 -2.384520471096038818e-01 -7.851485252380371094e+00 -1.797205162048339844e+01
-1.011148262023925781e+01 1.007385444641113281e+01 2.912748575210571289e+00 1.007385444641113281e+01 6.670037269592285156e+00 -2.248327255249023438e+01 2.912748575210571289e+00 -2.248327255249023438e+01 -1.957292175292968750e+01
-2.868948364257812500e+01 -8.748685717582702637e-01 1.906419754028320312e+01 -8.748685717582702637e-01 1.420914840698242188e+01 -2.785444068908691406e+01 1.906419754028320312e+01 -2.785444068908691406e+01 -2.905228805541992188e+01
-2.193439674377441406e+01 -6.338621616363525391e+00 -1.463059997558593750e+01 -6.338621616363525391e+00 -2.108162689208984375e+01 -8.598897933959960938e+00 -1.463059997558593750e+01 -8.598897933959960938e+00 -3.293606185913085938e+01
-3.167437553405761719e+01 -8.805600166320800781e+00 5.858109474182128906e+00 -8.805600166320800781e+00 -4.389572906494140625e+01 6.278614997863769531e+00 5.858109474182128906e+00 6.278614997863769531e+00 -1.099836063385009766e+01
-3.679342651367187500e+01 6.211495876312255859e+00 -6.520308971405029297e+00 6.211495876312255859e+00 -4.090892028808593750e+01 2.363053560256958008e+00 -6.520308971405029297e+00 2.363053560256958008e+00 -4.564377975463867188e+01
-3.412863540649414062e+01 -3.664324522018432617e+00 3.533208847045898438e+00 -3.664324522018432617e+00 1.445698547363281250e+01 2.246740579605102539e+00 3.533208847045898438e+00 2.246740579605102539e+00 -3.609959030151367188e+01
-5.410015106201171875e+01 -7.678930163383483887e-01 -2.198327636718750000e+01 -7.678930163383483887e-01 -1.633558082580566406e+01 -1.267488384246826172e+01 -2.198327636718750000e+01 -1.267488384246826172e+01 -3.276409149169921875e+01
-2.348314476013183594e+01 -5.282358646392822266e+00 3.633552789688110352e+00 -5.282358646392822266e+00 -3.219525909423828125e+01 2.732429313659667969e+01 3.633552789688110352e+00 2.732429313659667969e+01 -2.686516189575195312e+01
-3.170788383483886719e+01 1.838856124877929688e+01 1.289002037048339844e+01 1.838856124877929688e+01 -3.016256523132324219e+01 7.585308551788330078e+00 1.289002037048339844e+01 7.585308551788330078e+00 5.355685710906982422e+00
6.145522594451904297e+00 -9.349418878555297852e-01 7.810672283172607422e+00 -9.349418878555297852e-01 -2.829835510253906250e+01 -9.565415382385253906e+00 7.810672283172607422e+00 -9.565415382385253906e+00 7.690806865692138672e+00
-6.252084732055664062e+01 -1.338172817230224609e+01 1.108745670318603516e+01 -1.338172817230224609e+01 -6.788325786590576172e+00 -3.439762890338897705e-01 1.108745670318603516e+01 -3.439762890338897705e-01 -2.470955848693847656e+01
-1.765403366088867188e+01 -4.770718574523925781e+00 -2.504293918609619141e+00 -4.770718574523925781e+00 -1.525858020782470703e+01 9.062158584594726562e+00 -2.504293918609619141e+00 9.062158584594726562e+00 -1.950552940368652344e+01
2.144753837585449219e+01 -9.565596580505371094e+00 2.639446973800659180e+00 -9.565596580505371094e+00 -1.462656211853027344e+01 1.329499912261962891e+01 2.639446973800659180e+00 1.329499912261962891e+01 -6.147671222686767578e+00
-5.321839523315429688e+01 -2.525727272033691406e+00 -1.507486030459403992e-02 -2.525727272033691406e+00 -2.579736900329589844e+01 1.160456562042236328e+01 -1.507486030459403992e-02 1.160456562042236328e+01 -3.230930328369140625e+01
1.071774387359619141e+01 1.300226211547851562e+01 1.012214756011962891e+01 1.300226211547851562e+01 -7.984681129455566406e+00 -7.518595218658447266e+00 1.012214756011962891e+01 -7.518595218658447266e+00 1.172457504272460938e+01
-9.485029220581054688e+00 3.245892524719238281e+00 -2.713200807571411133e+00 3.245892524719238281e+00 5.047268867492675781e+00 5.698654651641845703e+00 -2.713200807571411133e+00 5.698654651641845703e+00 -4.431792068481445312e+01
-2.653153038024902344e+01 5.079458236694335938e+00 -2.230457067489624023e+00 5.079458236694335938e+00 -2.197814559936523438e+01 -1.345769405364990234e+01 -2.230457067489624023e+00 -1.345769405364990234e+01 -4.596568048000335693e-01
-1.987648963928222656e+01 5.088918209075927734e+00 -2.033547019958496094e+01 5.088918209075927734e+00 -1.244877529144287109e+01 -1.484122180938720703e+01 -2.033547019958496094e+01 -1.484122180938720703e+01 -4.963376998901367188e+01
-3.516004180908203125e+01 1.279447269439697266e+01 1.258062076568603516e+01 1.279447269439697266e+01 -4.258286476135253906e+00 1.163662338256835938e+01 1.258062076568603516e+01 1.163662338256835938e+01 1.837029576301574707e+00
-1.818467712402343750e+01 -2.472356319427490234e+00 1.066794872283935547e+01 -2.472356319427490234e+00 -1.887456893920898438e+01 -1.474522399902343750e+01 1.066794872283935547e+01 -1.474522399902343750e+01 -3.465104293823242188e+01
-6.896834850311279297e+00 -9.989839792251586914e-01 -1.235459423065185547e+01 -9.989839792251586914e-01 -2.877558326721191406e+01 -2.784158945083618164e+00 -1.235459423065185547e+01 -2.784158945083618164e+00 -2.651356124877929688e+01
-5.205301284790039062e+01 -7.593547821044921875e+00 5.137864112854003906e+00 -7.593547821044921875e+00 -5.304749298095703125e+01 -2.671310186386108398e+00 5.137864112854003906e+00 -2.671310186386108398e+00 -4.053084945678710938e+01
-4.763132572174072266e+00 1.540471267700195312e+01 -2.115812873840332031e+01 1.540471267700195312e+01 -1.503623867034912109e+01 3.625100374221801758e+00 -2.115812873840332031e+01 3.625100374221801758e+00 -2.674351501464843750e+01
1.314283370971679688e+01 1.127606201171875000e+01 -3.233554124832153320e+00 1.127606201171875000e+01 -3.957159805297851562e+01 1.040547657012939453e+01 -3.233554124832153320e+00 1.040547657012939453e+01 -1.488005733489990234e+01
-1.500245285034179688e+01 -2.158279418945312500e+01 -1.940843582153320312e+01 -2.158279418945312500e+01 -5.006593704223632812e+01 -1.000928783416748047e+01 -1.940843582153320312e+01 -1.000928783416748047e+01 -1.658402061462402344e+01
-1.566122436523437500e+01 4.190848827362060547e+00 1.722124290466308594e+01 4.190848827362060547e+00 -3.412947463989257812e+01 8.432415008544921875e+00 1.722124290466308594e+01 8.432415008544921875e+00 -2.075559616088867188e+01
2.333866119384765625e+00 1.116376018524169922e+01 -6.808246612548828125e+00 1.116376018524169922e+01 2.452516174316406250e+01 4.124774336814880371e-01 -6.808246612548828125e+00 4.124774336814880371e-01 -1.154218006134033203e+01
-7.649981975555419922e+00 -8.269862174987792969e+00 -1.352968215942382812e+00 -8.269862174987792969e+00 -3.343089675903320312e+01 -1.064673042297363281e+01 -1.352968215942382812e+00 -1.064673042297363281e+01 -4.194677352905273438e+01
2.258877754211425781e+01 -5.136624813079833984e+00 8.988577842712402344e+00 -5.136624813079833984e+00 -2.442454719543457031e+01 3.814881086349487305e+00 8.988577842712402344e+00 3.814881086349487305e+00 -1.390646457672119141e+01
-2.987158393859863281e+01 -1.630026936531066895e+00 -4.575051307678222656e+00 -1.630026936531066895e+00 -4.765635681152343750e+01 -2.387428855895996094e+01 -4.575051307678222656e+00 -2.387428855895996094e+01 -3.541357421875000000e+01
-4.485504150390625000e+01 -4.136202037334442139e-01 -9.237195014953613281e+00 -4.136202037334442139e-01 -2.660656738281250000e+01 1.228331279754638672e+01 -9.237195014953613281e+00 1.228331279754638672e+01 -5.438068771362304688e+01
4.848066329956054688e+00 -2.904206657409667969e+01 -8.526501655578613281e+00 -2.904206657409667969e+01 -7.918711900711059570e-01 -3.312534713745117188e+01 -8.526501655578613281e+00 -3.312534713745117188e+01 7.529975414276123047e+00
-3.849374771118164062e+01 -2.373620605468750000e+01 -7.434600830078125000e+00 -2.373620605468750000e+01 -4.500741577148437500e+01 -1.580775547027587891e+01 -7.434600830078125000e+00 -1.580775547027587891e+01 -5.913078689575195312e+01
-3.077741050720214844e+01 6.217268466949462891e+00 -7.485157012939453125e+00 6.217268466949462891e+00 -3.988755035400390625e+01 -2.853067207336425781e+01 -7.485157012939453125e+00 -2.853067207336425781e+01 -5.750977706909179688e+01
2.665330886840820312e+01 2.082205581665039062e+01 -1.051690196990966797e+01 2.082205581665039062e+01 -3.839519739151000977e+00 2.494384050369262695e+00 -1.051690196990966797e+01 2.494384050369262695e+00 7.873854160308837891e+00
-3.258356094360351562e+01 -2.300972366333007812e+01 -1.930211067199707031e+01 -2.300972366333007812e+01 3.645626783370971680e+00 -8.892018318176269531e+00 -1.930211067199707031e+01 -8.892018318176269531e+00 -3.091036224365234375e+01
4.766542816162109375e+01 2.734325218200683594e+01 -8.010874986648559570e-01 2.734325218200683594e+01 9.740074920654296875e+01 6.921420574188232422e+00 -8.010874986648559570e-01 6.921420574188232422e+00 7.982895660400390625e+01
-6.158680343627929688e+01 1.260447788238525391e+01 -2.946906805038452148e+00 1.260447788238525391e+01 -5.851502990722656250e+01 -6.466600418090820312e+00 -2.946906805038452148e+00 -6.466600418090820312e+00 -3.146000862121582031e+01
-1.665515518188476562e+01 9.184845924377441406e+00 -6.832900524139404297e+00 9.184845924377441406e+00 -3.512531042098999023e+00 2.489256620407104492e+00 -6.832900524139404297e+00 2.489256620407104492e+00 1.042836570739746094e+01
-1.904079437255859375e+00 5.964114189147949219e+00 -3.594762086868286133e+00 5.964114189147949219e+00 -3.781750917434692383e+00 -2.426789999008178711e+00 -3.594762086868286133e+00 -2.426789999008178711e+00 1.422206401824951172e+01
-5.991390705108642578e+00 7.620948791503906250e+00 4.085172176361083984e+00 7.620948791503906250e+00 -7.799263954162597656e+00 -4.211654186248779297e+00 4.085172176361083984e+00 -4.211654186248779297e+00 -1.209004306793212891e+01
5.322069168090820312e+00 1.381154060363769531e+01 8.942028284072875977e-01 1.381154060363769531e+01 -1.175350666046142578e+00 -5.166083335876464844e+00 8.942028284072875977e-01 -5.166083335876464844e+00 -1.184344577789306641e+01
-1.692869949340820312e+01 1.497328376770019531e+01 -3.188269138336181641e+00 1.497328376770019531e+01 -3.749612331390380859e+00 -1.274427294731140137e+00 -3.188269138336181641e+00 -1.274427294731140137e+00 -1.914966201782226562e+01
1.148102664947509766e+01 1.053157901763916016e+01 -2.081390619277954102e+00 1.053157901763916016e+01 2.205418777465820312e+01 5.853185430169105530e-02 -2.081390619277954102e+00 5.853185430169105530e-02 2.524505233764648438e+01
-4.334636688232421875e+01 1.069002628326416016e+01 -3.473007440567016602e+00 1.069002628326416016e+01 -4.284630584716796875e+01 -1.271425151824951172e+01 -3.473007440567016602e+00 -1.271425151824951172e+01 -1.534386157989501953e+01
5.110704421997070312e+00 -1.611257672309875488e+00 -1.787166833877563477e+00 -1.611257672309875488e+00 1.117687129974365234e+01 -5.822202205657958984e+00 -1.787166833877563477e+00 -5.822202205657958984e+00 6.921724319458007812e+00
9.891136169433593750e+00 3.611206531524658203e+00 5.275722980499267578e+00 3.611206531524658203e+00 2.438735246658325195e+00 -2.666127204895019531e+00 5.275722980499267578e+00 -2.666127204895019531e+00 -5.550642967224121094e+00
-1.572540521621704102e+00 1.829328346252441406e+01 8.302710533142089844e+00 1.829328346252441406e+01 -5.830150127410888672e+00 -4.366690635681152344e+00 8.302710533142089844e+00 -4.366690635681152344e+00 4.422034740447998047e+00
9.709307670593261719e+00 3.766785383224487305e+00 -2.599062681198120117e+00 3.766785383224487305e+00 -2.285541296005249023e+00 -3.741866111755371094e+00 -2.599062681198120117e+00 -3.741866111755371094e+00 -1.360019969940185547e+01
-1.734187901020050049e-01 3.636949062347412109e+00 -5.384461581707000732e-02 3.636949062347412109e+00 -2.001132965087890625e+01 4.867479503154754639e-01 -5.384461581707000732e-02 4.867479503154754639e-01 -5.548139572143554688e+00
-7.054888248443603516e+00 -1.705876469612121582e+00 -9.828132629394531250e+00 -1.705876469612121582e+00 -5.991384029388427734e+00 -1.741312026977539062e+00 -9.828132629394531250e+00 -1.741312026977539062e+00 -1.690803527832031250e+01
-2.405202835798263550e-01 2.654279947280883789e+00 -2.203725337982177734e+00 2.654279947280883789e+00 1.957415008544921875e+01 1.381368637084960938e+00 -2.203725337982177734e+00 1.381368637084960938e+00 -1.842826008796691895e-01
-9.405035972595214844e+00 1.059326076507568359e+01 8.559811115264892578e-01 1.059326076507568359e+01 -1.387316513061523438e+01 -1.279656696319580078e+01 8.559811115264892578e-01 -1.279656696319580078e+01 -1.475828266143798828e+01
-8.394202232360839844e+00 7.911228179931640625e+00 6.181018829345703125e+00 7.911228179931640625e+00 -3.196619749069213867e+00 -6.615250587463378906e+00 6.181018829345703125e+00 -6.615250587463378906e+00 5.935860157012939453e+00
-1.065280914306640625e+01 2.782440662384033203e+00 -7.789704322814941406e+00 2.782440662384033203e+00 5.640511989593505859e+00 -9.742095947265625000e+00 -7.789704322814941406e+00 -9.742095947265625000e+00 8.804259300231933594e+00
-1.033446788787841797e+01 5.121916770935058594e+00 -5.039571285247802734e+00 5.121916770935058594e+00 -1.487820720672607422e+01 -7.880372405052185059e-01 -5.039571285247802734e+00 -7.880372405052185059e-01 1.119173318147659302e-01
-7.094622135162353516e+00 2.866133451461791992e+00 -2.122062683105468750e+00 2.866133451461791992e+00 -9.361901283264160156e+00 -4.929908752441406250e+00 -2.122062683105468750e+00 -4.929908752441406250e+00 -9.292011260986328125e+00
-1.300703811645507812e+01 6.201816082000732422e+00 -5.112450122833251953e+00 6.201816082000732422e+00 -3.260527420043945312e+01 4.786331176757812500e+00 -5.112450122833251953e+00 4.786331176757812500e+00 -9.274397850036621094e+00
1.513716030120849609e+01 3.524463176727294922e+00 8.726897239685058594e-01 3.524463176727294922e+00 -8.147163391113281250e+00 3.950957775115966797e+00 8.726897239685058594e-01 3.950957775115966797e+00 3.429688262939453125e+01
-1.724172973632812500e+01 -1.832642674446105957e+00 8.731470108032226562e+00 -1.832642674446105957e+00 -2.935239601135253906e+01 4.274371147155761719e+00 8.731470108032226562e+00 4.274371147155761719e+00 2.913730144500732422e+00
1.040141582489013672e+01 4.059520721435546875e+00 1.443752408027648926e+00 4.059520721435546875e+00 -1.296357440948486328e+01 -3.323675632476806641e+00 1.443752408027648926e+00 -3.323675632476806641e+00 1.137040615081787109e+01
-7.962133407592773438e+00 1.698438048362731934e+00 4.176866531372070312e+00 1.698438048362731934e+00 6.095634460449218750e+00 8.276291489601135254e-01 4.176866531372070312e+00 8.276291489601135254e-01 6.627811431884765625e+00
-2.170863342285156250e+01 -4.613939762115478516e+00 6.960326194763183594e+00 -4.613939762115478516e+00 -2.712785911560058594e+01 3.060240030288696289e+00 6.960326194763183594e+00 3.060240030288696289e+00 -1.143919849395751953e+01
-4.693752288818359375e+00 1.007941246032714844e+01 -9.054572105407714844e+00 1.007941246032714844e+01 5.011642456054687500e+00 7.771086215972900391e+00 -9.054572105407714844e+00 7.771086215972900391e+00 4.390122413635253906e+00
-5.970489025115966797e+00 -5.728358030319213867e-01 1.278022289276123047e+00 -5.728358030319213867e-01 -1.126396179199218750e+01 -3.049989223480224609e+00 1.278022289276123047e+00 -3.049989223480224609e+00 5.448203086853027344e+00
-2.307163953781127930e+00 4.179609298706054688e+00 4.409037590026855469e+00 4.179609298706054688e+00 -1.713311958312988281e+01 -5.499831676483154297e+00 4.409037590026855469e+00 -5.499831676483154297e+00 -2.267452001571655273e+00
6.036414623260498047e+00 2.560360670089721680e+00 3.370546579360961914e+00 2.560360670089721680e+00 -7.412287712097167969e+00 7.336173534393310547e+00 3.370546579360961914e+00 7.336173534393310547e+00 8.747469902038574219e+00
-2.172785377502441406e+01 1.072845578193664551e+00 -5.369665145874023438e+00 1.072845578193664551e+00 4.930866241455078125e+00 6.200312137603759766e+00 -5.369665145874023438e+00 6.200312137603759766e+00 9.575486183166503906e+00
-2.231189918518066406e+01 4.131603240966796875e+00 1.227750492095947266e+01 4.131603240966796875e+00 -1.438568878173828125e+01 -8.435993194580078125e-01 1.227750492095947266e+01 -8.435993194580078125e-01 1.231899142265319824e+00
1.297288775444030762e+00 1.343306005001068115e-01 7.522584915161132812e+00 1.343306005001068115e-01 8.759737014770507812e+00 3.047573566436767578e-01 7.522584915161132812e+00 3.047573566436767578e-01 -5.200184345245361328e+00
5.692178249359130859e+00 6.672748088836669922e+00 -4.720860123634338379e-01 6.672748088836669922e+00 1.199380874633789062e+01 4.675073623657226562e+00 -4.720860123634338379e-01 4.675073623657226562e+00 2.404781341552734375e+00
-1.790142059326171875e+01 8.027522087097167969e+00 -1.334792375564575195e+00 8.027522087097167969e+00 1.896736621856689453e+00 -4.336769282817840576e-01 -1.334792375564575195e+00 -4.336769282817840576e-01 -5.671427726745605469e+00
